time,x,y,z,phi,theta,psi,x_velocity,y_velocity,z_velocity,phi_velocity,theta_velocity,psi_velocity,rotor_speed1,rotor_speed2,rotor_speed3,rotor_speed4
0.06,-5.55349194885e-07,7.10679900997e-07,10.0014148847,0.000597375376922,0.000492855648954,0.0,-4.51748888681e-05,5.66330981111e-05,0.0471615563343,0.0247601422469,0.0209764044115,0.0,419.38079553844244,421.1984251336192,418.23504612460135,420.3855723809328
0.12000000000000001,-1.53980932332e-05,1.87364976517e-05,10.0033985427,0.00174791652228,0.00157275088117,0.0,-0.000547311019857,0.000656461096889,0.0189614447779,0.00463141250904,0.0112548566904,0.0,394.6990399114277,393.80096642685584,394.9543843019024,393.09388574512417
0.18,-8.69450108462e-05,9.91474182545e-05,10.0097205569,0.001724150369,0.00213934696843,0.0,-0.00190790969947,0.00204115156978,0.191758233819,-0.0130601980953,0.00554871515767,0.0,459.66899544079246,459.2165458522938,460.1001971386205,458.6976652712083
0.23999999999999996,-0.000247814968924,0.000256102424758,10.0246844792,0.00173748783663,0.0023273482912,0.0,-0.00348204945356,0.00315913065252,0.307014520216,0.0184919878951,-0.00219776814498,0.0,441.8300506900858,441.1909839762342,440.72316678828355,443.3229254100987
0.3,-0.0005076440583,0.000488451433793,10.0474613376,0.00288160874136,0.00239468474201,0.0,-0.00517608024219,0.0047082523948,0.452166953533,0.020197735827,0.00705014320988,0.0,450.8674767248149,451.61388210676813,450.9315159770889,451.0692122310185
0.36000000000000004,-0.000870443057727,0.000836660863949,10.0780525587,0.00422050535597,0.00242990062485,0.0,-0.006946128448,0.00703187911336,0.567489122747,0.0262442603988,-0.0172688203245,0.0,443.270062840935,441.2673933140283,441.42036942033667,441.9190083852541
0.4200000000000001,-0.00134771251813,0.00138207255947,10.1215135149,0.00520094340836,0.0012888951771,0.0,-0.00881732005887,0.0113509680167,0.881020637144,-0.0278669518321,-0.0227640206206,0.0,500.19829147725574,499.7980931427515,502.89660628529145,498.9623362555898
0.48000000000000015,-0.00189900929245,0.00216551524346,10.1776632464,0.00322551648902,0.000379949478438,0.0,-0.00944484789827,0.0145774779952,0.990549141584,-0.0456787973338,-0.00313179884834,0.0,441.487176757637,443.10390699850603,439.87039059589813,438.39254854230273
0.5400000000000001,-0.00247383133916,0.00310386670361,10.2428930113,0.000425689206563,0.000226858990739,0.0,-0.00969611494021,0.0163797583262,1.18359718392,-0.0487096737889,-0.00141539385396,0.0,466.01940888042935,466.1535900082683,467.00236863464715,466.76474037532586
0.6000000000000002,-0.00306105053367,0.0040839699064,10.3188069725,6.28037536831,0.000652242958475,0.0,-0.00990109915879,0.0159507095237,1.34669006301,-0.0672090892875,0.0202051755012,0.0,456.84401263580827,458.5644513761394,458.7801249213152,457.3071373070878
0.6600000000000003,-0.00367318569224,0.00496767773254,10.4026046865,6.27649134882,0.00180449940164,0.0,-0.0106239244012,0.013103450025,1.4464442313,-0.060195047274,0.017123494504,0.0,439.435614670524,439.18007149445566,437.6618764867419,438.2420455807215
0.7200000000000003,-0.00435912352016,0.00557462243223,10.4960717992,6.27281761423,0.00277269340075,0.0,-0.0123600093524,0.00669282994942,1.66882498326,-0.0633802265884,0.014085914374,0.0,476.1326678564796,475.9001315951512,476.4413952150456,476.19542209375254
0.7800000000000004,-0.0051661944771,0.00573658224839,10.6001736716,6.26877912197,0.00487097684894,0.0,-0.0147172481843,-0.00170895585617,1.80103303822,-0.0766205260427,0.0595286147309,0.0,448.00726519035567,451.68715194983656,450.1372820123081,449.06121841113406
0.8400000000000004,-0.00618279652524,0.00526597974968,10.7147298658,6.26454219637,0.00836865336726,0.0,-0.0195889157292,-0.0144961671751,2.01714020697,-0.0607182837804,0.0557058970192,0.0,474.79732469572724,474.50609762063885,475.53646924862755,476.7494060670302
0.9000000000000005,-0.00756467089066,0.00395277023535,10.8410591001,6.26103298035,0.0118656645412,0.0,-0.0268586236349,-0.029675887423,2.19350082369,-0.0543626602756,0.0629940667822,0.0,465.42531780010086,465.99752788549677,462.81935695803367,463.3170403796555
0.9600000000000005,-0.00947091962594,0.00163948337673,10.978415328,6.25770888299,0.0160720699817,0.0,-0.0371426748689,-0.0478049633735,2.3846458107,-0.0575641100092,0.0814784526416,0.0,467.69964931227213,469.1404067852237,470.7005366012155,470.45084154102767
1.0200000000000005,-0.0120907438676,-0.00182594748431,11.1266978336,6.25431209272,0.0225298866295,0.0,-0.0508460371107,-0.0680855791671,2.55771005177,-0.0547767968592,0.135545235839,0.0,462.59222668542526,466.8383927933977,465.03834666546686,465.2545842403943
1.0800000000000005,-0.0156817881357,-0.00657173727804,11.2849650248,6.2520867243,0.0307315137626,0.0,-0.0697521508338,-0.0903866570877,2.71746369966,-0.0149441280567,0.138894874784,0.0,460.65439762612846,460.93573884552245,461.154015138454,464.2887182072113
1.1400000000000006,-0.0204893534598,-0.0125976052432,11.4496245001,6.25117359696,0.0390578946262,0.0,-0.0912885222497,-0.110556805446,2.77102502664,-0.0157738224826,0.138528455166,0.0,428.98276240117076,428.9702734554692,429.79585696560173,429.7256249365576
1.2000000000000006,-0.0268504878375,-0.0199312561775,11.619975947,6.25025287734,0.0469899351038,0.0,-0.121612330732,-0.133986426618,2.90697682694,-0.0145018544785,0.114915569989,0.0,455.4352421572146,453.5580286552212,456.8633508439496,456.9648632160036
1.2600000000000007,-0.0353142418749,-0.0287699342524,11.8008854701,6.24897654129,0.0537558675324,0.0,-0.161299498002,-0.160737386492,3.12272661443,-0.0404009016746,0.108080267097,0.0,480.6631597402846,480.1551155419194,481.176606689348,479.2119071898535
1.3200000000000007,-0.0460157568683,-0.0390588749418,11.9891797046,6.24628261969,0.0605760795401,0.0,-0.196025097212,-0.182456165521,3.15361300134,-0.0558903792277,0.122988746504,0.0,422.9549403031158,424.24907417388977,426.0523895430062,424.7246295620751
1.3800000000000008,-0.0592546418044,-0.0509000033303,12.18454256,6.24297468459,0.0679628848136,0.0,-0.246101727395,-0.212615111371,3.35782403917,-0.0536581082069,0.123361365797,0.0,478.78640433629977,478.8272957399374,478.0988424907528,478.2670836384207
1.4400000000000008,-0.0750860257432,-0.0642829815015,12.3836808414,6.23971902858,0.0753433118695,0.0,-0.282186438737,-0.233736927564,3.28028354917,-0.0554941888575,0.122289774994,0.0,388.05026312083953,387.9657742800122,390.0897900396481,389.9158771850167
1.5000000000000009,-0.0938489372128,-0.0793575426405,12.586650587,6.23665061534,0.0822889700607,0.0,-0.344041763596,-0.26909293974,3.48467296757,-0.043611748446,0.0976654842555,0.0,480.10274746307226,478.24138044080235,479.6021231231771,480.5022872175664
1.560000000000001,-0.116221566632,-0.0964760473554,12.7987527348,6.23453742512,0.0878778670597,0.0,-0.402272335662,-0.301744256353,3.58500723876,-0.0222441122986,0.0821032760968,0.0,450.8718417642977,449.619851550115,448.17232778846716,449.90515136830027
1.620000000000001,-0.142020236141,-0.115493815187,13.0148425932,6.2327639137,0.0926756456477,0.0,-0.458121826057,-0.332311088042,3.61781509089,-0.0511433233328,0.075299423979,0.0,429.5540196982184,428.98199527423156,429.765040424702,427.30790396488567
1.680000000000001,-0.171941972302,-0.136755677461,13.2401705169,6.2299735059,0.0968137736963,0.0,-0.53974371993,-0.376741221623,3.89211615802,-0.0385566129671,0.0516576377467,0.0,503.4635360239483,501.75290453975043,501.1946508548659,502.10759267222113
1.740000000000001,-0.206480135084,-0.160542311571,13.4780392796,6.22789376899,0.0999072240287,0.0,-0.611815729753,-0.416355038595,4.03626355674,-0.0278333895905,0.0513565588474,0.0,467.31176299960583,467.289857141473,464.91858682871134,465.7575835745965
1.8000000000000012,-0.245568288994,-0.186835726161,13.7261017355,6.22608010777,0.102612233844,0.0,-0.691393187018,-0.460252308324,4.23169386292,-0.0355059743199,0.0279931299961,0.0,483.8324188125545,482.07105045039214,482.7239585043644,482.1443678931528
1.8600000000000012,-0.288894983053,-0.215476899111,13.9801335722,6.22375016688,0.104009027792,0.0,-0.752967791608,-0.494646882249,4.23595736381,-0.0464882988689,0.0116208879196,0.0,425.65681254131755,424.25332549971813,425.607059926625,424.66511331687605
1.9200000000000013,-0.335816338169,-0.24615464099,14.2332335498,6.2208979344,0.105570971666,0.0,-0.811195311034,-0.528183182232,4.20077940072,-0.0497214114366,0.0453643328552,0.0,411.32958745960565,414.30760782191226,411.2089741071476,410.92086712253445
1.9800000000000013,-0.386972628554,-0.279310072198,14.4908588104,6.21736056151,0.10826695313,0.0,-0.894253060609,-0.577306637597,4.3859249258,-0.0930747340576,0.0440564153732,0.0,481.4693866556949,481.3714069616634,482.8703010719217,479.58559379103605
2.0400000000000014,-0.442926072136,-0.315352894945,14.7572922448,6.21239213004,0.110823869196,0.0,-0.971087327022,-0.624627657333,4.49464262201,-0.0676640979727,0.0395657731909,0.0,459.5528927207845,459.19769251198284,459.79740193368605,461.8007055065742
2.1000000000000014,-0.503384243998,-0.354231576223,15.0288067082,6.20821391201,0.113391957556,0.0,-1.04440082584,-0.671703673912,4.55548371982,-0.073905093435,0.0485921834878,0.0,444.5433398923733,445.2834471510735,447.97090990498856,447.45941144263537
2.1600000000000015,-0.568033759181,-0.395844247226,15.3016783909,6.20405675335,0.115827800905,0.0,-1.11083084898,-0.715750694709,4.54018772792,-0.0613630479779,0.0154719315627,0.0,424.6334513738999,421.783149161051,420.9377037499177,422.01781311769156
2.2200000000000015,-0.637288111682,-0.440567030054,15.5785929461,6.2003404704,0.116611262836,0.0,-1.19767807597,-0.775362001256,4.68957573985,-0.0631130424046,0.00772981586127,0.0,475.5672383941038,474.97366174008397,473.4850628274265,473.34789699649696
2.2800000000000016,-0.711067321788,-0.488448388911,15.8584709119,6.19625550148,0.116960301085,0.0,-1.26169708248,-0.821012600372,4.63980852896,-0.0805499747427,0.00168792261723,0.0,412.72198697912285,412.1882114373199,413.0477237435073,411.5028113774559
2.3400000000000016,-0.788947905552,-0.53932675927,16.1374914324,6.19146501671,0.116985457188,0.0,-1.33433034982,-0.875358844392,4.66068303076,-0.0784614992366,-0.0022473171955,0.0,435.87758455068166,435.5485357428011,435.56790976120266,435.7372973941218
2.4000000000000017,-0.871015249841,-0.593415875427,16.4162723998,6.18726822626,0.116745077006,0.0,-1.40126135602,-0.927989282428,4.63203798951,-0.0568253969544,-0.00777962705864,0.0,420.3348888941804,419.8551807696263,418.4021745735014,420.2776455833834
2.4600000000000017,-0.957514014098,-0.651073390046,16.6968611592,6.1837424482,0.115928210452,0.0,-1.48194303849,-0.994240951781,4.72045058666,-0.0629488264215,-0.0290558758763,0.0,458.84883506019025,457.1565217851961,457.14128383900504,456.6507035561606
2.520000000000002,-1.04878171728,-0.712732580938,16.9822712537,6.18019269934,0.114106478079,0.0,-1.56012366074,-1.06139583616,4.79282316822,-0.0525022459916,-0.0331114559848,0.0,453.6845600409417,453.35849111475017,452.91990283075097,453.75700246475884
2.580000000000002,-1.14468422414,-0.77846930197,17.2718038916,6.17677636205,0.111857608069,0.0,-1.63641401751,-1.13012035548,4.85790178669,-0.0677440624112,-0.0480870494838,0.0,452.5998292121385,451.3920753359758,452.5586625056998,451.32775281824365
2.640000000000002,-1.24487682806,-0.84816608397,17.5630408159,6.17249714378,0.109533779102,0.0,-1.70314980612,-1.19347357879,4.84994999546,-0.0796496292471,-0.0246133265642,0.0,428.59160406098295,430.58143084848217,429.4463686951827,428.4309768710657
2.700000000000002,-1.34921811353,-0.921920286676,17.8553738348,6.16741852266,0.108160106851,0.0,-1.77476286192,-1.26544123853,4.89417077437,-0.0971869708799,-0.0196616497177,0.0,446.4318300459676,446.8357010981134,446.66939838534057,445.23066597647505
2.760000000000002,-1.45791633467,-1.00017935975,18.1510696492,6.16175369801,0.10699175704,0.0,-1.84838895929,-1.34371929633,4.96190845134,-0.0893791964279,-0.0190968786315,0.0,454.48729542562285,454.53261514707333,453.95071381092777,454.56951905725015
2.820000000000002,-1.57042670142,-1.08257548486,18.4453556171,6.15676200559,0.106259839377,0.0,-1.90197524973,-1.40324907349,4.84801681986,-0.0730542848,-0.0011011901525,0.0,393.7197258102615,395.3815668546959,393.9993911484451,395.4993690510622
2.880000000000002,-1.68636300743,-1.16886655272,18.7347646736,6.15245776786,0.106386243486,0.0,-1.96262055125,-1.47350043876,4.7990313685,-0.0692268011267,0.00785462387169,0.0,416.54573800880263,417.32828636442235,415.86214480446074,416.19297761956864
2.940000000000002,-1.80697413275,-1.26070290853,19.0307355166,6.14849259112,0.106850576955,0.0,-2.0577036329,-1.58806781707,5.06526451651,-0.0604500176343,0.00750640720265,0.0,512.5396830606036,512.5148073939203,512.6500201048789,513.2707237903328
3.000000000000002,-1.93258275458,-1.35860308122,19.3359557734,6.14487813101,0.107253597251,0.0,-2.12929484199,-1.67558893601,5.10837620524,-0.0598263949342,0.00508946332665,0.0,450.3305510305653,450.13486439621914,448.9118705425564,448.95995197430676
3.0600000000000023,-2.06213614931,-1.46135700006,19.6403874909,6.14115547318,0.107747404636,0.0,-2.18924681836,-1.74987748227,5.03951766676,-0.0668941943412,0.0138691858392,0.0,412.28570602780115,413.06074312799126,414.56415426295126,413.93943699008196
3.1200000000000023,-2.19589929462,-1.56941426016,19.9461185988,6.13664860426,0.108322787206,0.0,-2.26956891609,-1.85239223946,5.1507856661,-0.101549298537,-0.000750557714098,0.0,471.48827626046767,470.3571289807272,472.6735944853852,469.9902606617225
3.1800000000000024,-2.33409408588,-1.6831817029,20.2548195724,6.13041984263,0.10872058025,0.0,-2.33697747934,-1.94039358509,5.13908009699,-0.10876994798,0.0183507927796,0.0,433.57690103109553,435.1789662251595,433.8765564150912,433.2600765932873
3.2400000000000024,-2.47663937678,-1.80274517693,20.5653929339,6.12429300529,0.109542503107,0.0,-2.41461575518,-2.04561759074,5.21273393309,-0.0913424881901,0.00222876301722,0.0,462.2580079964919,460.98549244019756,460.8421450899103,462.20906738410457
3.3000000000000025,-2.62400520264,-1.92894863329,20.8816208619,6.11883546113,0.109306973029,0.0,-2.49754572797,-2.16164710455,5.32736771711,-0.090203582147,-0.0205640166359,0.0,476.09187198007385,474.34451536207035,475.4151033122582,475.49602534329284
3.3600000000000025,-2.77560541074,-2.06112054597,21.1980294162,6.11416342946,0.10784888575,0.0,-2.55579993531,-2.24454288846,5.21993003084,-0.0605397075053,-0.0330808165257,0.0,405.33964484430004,404.21279699008755,403.7621959116666,406.4242907331773
3.4200000000000026,-2.93118343636,-2.19911063137,21.5124922626,6.11059691202,0.106042887165,0.0,-2.62997886926,-2.35545034713,5.26177035568,-0.0573330736693,-0.0247215758901,0.0,453.0024039603342,453.6739298528095,454.31456840382765,454.56925045373987
3.4800000000000026,-3.09112034845,-2.3437161725,21.8287942917,6.10710000151,0.104602298081,0.0,-2.70115312593,-2.46505476274,5.28133614649,-0.060249427632,-0.0226231637387,0.0,447.6558383438429,447.8265257778872,447.703996351351,447.46426662018996
3.5400000000000027,-3.25532168771,-2.494985638,22.1463310325,6.10347554685,0.103389953743,0.0,-2.77214169551,-2.57759484154,5.30290085755,-0.0607256265932,-0.0157634176527,0.0,448.98485646844836,449.5411852548502,448.6420025717643,448.6007808867646
3.6000000000000028,-3.42373245167,-2.65301266513,22.4647535229,6.1001413874,0.102877479882,0.0,-2.84152735139,-2.69030015282,5.31091473428,-0.0468621119493,0.00297667328046,0.0,444.91602830994736,446.44810889989753,444.34946700737004,445.48260034901097
3.660000000000003,-3.59633858698,-2.81791610941,22.7838855778,6.09689544877,0.103677393975,0.0,-2.91208936641,-2.80676001144,5.32648974663,-0.0753080979979,0.0285796331056,0.0,447.6176534204286,449.6967198773819,449.1269046927487,446.811143133788
3.720000000000003,-3.77338176548,-2.99019240256,23.1055632528,6.09204307632,0.105025081807,0.0,-2.98949705766,-2.93618335514,5.39539710723,-0.0953369133472,0.00596441941914,0.0,466.29629137290476,464.52591578997396,467.0676860294531,465.4975682872982
3.780000000000003,-3.95463005399,-3.16948998587,23.426950503,6.0861501982,0.105185207651,0.0,-3.05221661657,-3.04094032073,5.31759845616,-0.104694938796,-0.00490814676352,0.0,421.15795384801817,420.21624966521466,419.2177498079316,418.3946382577616
3.840000000000003,-4.14001987246,-3.35585700822,23.7470316631,6.07966100802,0.105294930571,0.0,-3.12745930138,-3.17186165667,5.35121864115,-0.116157980453,0.0127150967441,0.0,455.50781415996977,456.91523581178615,456.6530374315018,455.7274817776774
3.900000000000003,-4.32974402673,-3.54983388575,24.0672609065,6.07245352349,0.106043021533,0.0,-3.19679430015,-3.29466252101,5.32282194801,-0.1295423397,0.011969733696,0.0,438.2614458645816,438.199356310943,437.225538887891,436.095323148418
3.960000000000003,-4.52353298907,-3.7510755385,24.3846387676,6.06451900684,0.107349307714,0.0,-3.26299260009,-3.4140808505,5.2563380043,-0.138269506611,0.0363998315814,0.0,424.57676299543783,426.66814232127774,425.44107780877295,424.6759836684778
4.020000000000002,-4.72126779606,-3.95949402053,24.6974221013,6.05641095848,0.10931320275,0.0,-3.32840192946,-3.53391326401,5.16972737697,-0.129509420405,0.0241452473446,0.0,418.9069649420382,417.84020085616373,418.74934817642895,419.49275934579083
4.080000000000001,-4.9235927356,-4.17652218987,25.0105031772,6.04914029638,0.110640183092,0.0,-3.41587819086,-3.70100050051,5.26523090985,-0.10828299349,0.0177142964343,0.0,477.4238587776334,476.9328216096104,477.5129949144195,479.117397001831
4.14,-5.13099691647,-4.40329453243,25.3274255541,6.04376925489,0.112701302848,0.0,-3.4977620238,-3.8585832261,5.29814440933,-0.0665326089037,0.055637957457,0.0,458.14432956162705,461.1507798155895,459.82596281886146,463.1149603687982
4.199999999999998,-5.34311381955,-4.63909348726,25.6440718465,6.03956671518,0.115990507084,0.0,-3.57312395891,-4.00179523114,5.25645405609,-0.0781900865787,0.0531326524881,0.0,437.9643573808618,437.7579429877265,438.4444749323968,437.47076320892927
4.259999999999997,-5.55953850362,-4.88299636199,25.9558475209,6.03486142158,0.119662141409,0.0,-3.64137859194,-4.12881823934,5.13620482435,-0.0788882853261,0.0737633881844,0.0,410.47777939659204,412.30791156944025,411.9107776373516,411.84357432981125
4.319999999999996,-5.7812306463,-5.13685914005,26.2692100692,6.03037551585,0.124173087038,0.0,-3.74876372656,-4.3335568129,5.30757818643,-0.0675872632235,0.0778778759446,0.0,504.74111767555297,505.0417129174163,503.42364537860357,504.2371512101817
4.379999999999995,-6.00869439547,-5.40155203143,26.5867120691,6.02624904151,0.129103640864,0.0,-3.83379849148,-4.48994486804,5.27537084935,-0.0712603489841,0.0896183188638,0.0,444.43096364233406,445.39785618136045,445.25248575301356,444.9482360342649
4.439999999999993,-6.24145520367,-5.67591154211,26.9029466047,6.02179997991,0.134669947141,0.0,-3.92538336293,-4.65577363257,5.26513579427,-0.0806660490405,0.0984276815283,0.0,452.2969045983243,453.0130573453438,454.15105015168723,453.39161148862945
4.499999999999992,-6.47951653992,-5.95974282998,27.2163404144,6.01739280127,0.140306676925,0.0,-4.01050301518,-4.80575736825,5.18108713262,-0.0619523257542,0.0830071155334,0.0,430.60507388172914,429.30595166541127,429.5603118791419,431.14019657550824
4.559999999999991,-6.72293848143,-6.25295435721,27.525694568,6.01375811415,0.145083309409,0.0,-4.10401114945,-4.96836713468,5.13030684647,-0.057963482938,0.071769644628,0.0,442.33511592330734,441.41357312515186,441.7054307162739,442.031715343751
4.6199999999999894,-6.97144190582,-6.55488468606,27.8278737827,6.01036277654,0.149151960762,0.0,-4.1798750891,-5.09653895961,4.94276818343,-0.0539736795194,0.0584106589178,0.0,395.03994476957473,393.80983826478604,394.6497034344567,395.01528095229986
4.679999999999988,-7.22580869537,-6.86680994864,28.1266997537,6.00725709642,0.153193823004,0.0,-4.29935331654,-5.30121415555,5.01692174107,-0.0476693744566,0.0810088058804,0.0,481.513474789976,483.22326828518374,481.02445572011914,481.5002225108218
4.739999999999987,-7.48696634855,-7.19026536932,28.4269246102,6.00447215819,0.157828394017,0.0,-4.40634442424,-5.48097277409,4.98996845101,-0.0440199251924,0.0683886626892,0.0,453.31233047837344,452.30138383217854,451.72714278934444,452.02017114797536
4.799999999999986,-7.75408273198,-7.52363355643,28.7221264038,6.00179668567,0.161818374574,0.0,-4.49797007439,-5.63179746314,4.85019484032,-0.0457586113372,0.0624275749246,0.0,415.7691136378555,415.249980460694,414.92602960440587,414.77202417051905
4.859999999999984,-8.02706706413,-7.86663368996,29.0106200582,5.99905301255,0.165892605953,0.0,-4.60191633568,-5.80197746718,4.76598890282,-0.0456665231621,0.0770658182114,0.0,434.25560680874366,435.48562413829194,433.86731541291067,433.87377278673506
4.919999999999983,-8.30730202496,-8.22148016176,29.2992896292,5.99622266225,0.170219730301,0.0,-4.73963256578,-6.02643806946,4.85491348183,-0.0503676366272,0.059724848393,0.0,491.54133517429193,490.2576701323811,490.50150312913826,490.15106297585476
4.979999999999982,-8.59579712275,-8.58971679768,29.5926009311,5.99348760639,0.173952926301,0.0,-4.87718164866,-6.24836297665,4.92082856908,-0.037417700878,0.0667917892976,0.0,485.64563739728516,486.1779569066878,486.58403470263346,487.551709772215
5.0399999999999805,-8.89186170096,-8.97010115298,29.8855380409,5.99124311482,0.17779495998,0.0,-4.99205315787,-6.43154296264,4.84335745106,-0.0373891876985,0.0578554464153,0.0,443.92334871023496,443.1922313016116,443.0256378688972,443.02732108301404
