time,x,y,z,phi,theta,psi,x_velocity,y_velocity,z_velocity,phi_velocity,theta_velocity,psi_velocity,rotor_speed1,rotor_speed2,rotor_speed3,rotor_speed4,episode,total_reward
1.9800000000000013,-0.053095259237,0.107102240663,0.0,1.76223249477,1.04782179831,0.0,0.454578121435,1.49655871924,-17.6682249508,-6.53387056695,12.5196934252,0.0,307.375026931,488.30172636,511.717710256,462.265347729,1,99.0
1.9800000000000013,-0.0129956083594,0.228753350404,0.0,1.55649989759,0.794091021019,0.0,0.684711166084,1.83047667092,-17.4147763597,-7.2151411467,12.3940478058,0.0,310.324219095,501.355485369,526.912234688,451.807956254,2,99.0
1.8600000000000012,0.269659421903,-0.884416710165,0.0,1.17019625389,2.38257332956,0.0,0.682567896217,-0.227783464738,-17.3231674641,-18.078444399,22.788653166,0.0,418.882142782,746.680235935,864.57924174,618.390101861,3,93.0
3.1800000000000024,150.0,-20.8686804505,0.0,0.03396541539,1.50812114071,0.0,1124933.03152,-1502.67844636,-45397.1106628,-0.0344396279731,-1.08591046396,0.0,900.097760956,900.354203033,899.93173891,895.001377668,4,159.0
1.620000000000001,-0.412343972866,6.10350212717,0.0,3.09023532574,0.0881323904301,0.0,-0.824909657241,3.24644165143,-18.1176099832,-28.7877690612,0.5759432416,0.0,893.022684859,900.09796549,899.248747153,2.36113464884,5,81.0
2.1000000000000014,-3.77810752061,8.29042566321,0.0,5.20953525068,1.13184435423,0.0,-7.25053420736,4.85191545448,-16.8352502063,-28.8331437929,3.67836330534,0.0,832.26767484,900.350324059,899.838406213,-0.027742270374,6,105.0
2.1000000000000014,-3.17686044987,5.29422717175,0.0,5.22471906474,5.18113352511,0.0,-2.25578444587,-3.09567450564,-19.2408237356,-28.8131562712,28.8310784164,0.0,-0.206025296245,899.796219353,899.202507202,0.0718938344595,7,105.0
5.0399999999999805,-2.92330010011,-67.6855348775,6.75962038226,2.04547156771,3.57633810433,0.0,-1.07555241795,-22.3944430393,-2.58433537523,-28.8582585043,28.8371491787,0.0,-0.26431487024,899.848866444,900.704023848,-0.0942624311063,8,252.0
5.0399999999999805,-3.09917404923,-61.2676809394,12.920777001,2.0992483529,3.62863057282,0.0,-1.1320495668,-20.5234000823,-0.251016040193,-28.8251616596,28.815029287,0.0,0.448632730594,899.359702969,899.493260755,0.100167021489,9,252.0
5.0399999999999805,-2.91410352077,-63.272248394,11.339365997,2.13309271395,3.56122800053,0.0,-1.10645109991,-21.0928994308,-0.89498752184,-28.8353856753,28.828344876,0.0,-0.60288950436,899.67074637,899.974076926,0.799232330188,10,252.0
5.0399999999999805,-2.98958363051,-65.0117728761,9.57819988774,2.08431846814,3.58436567525,0.0,-1.09758980004,-21.7666924122,-1.73182895488,-28.8348579774,28.8377698446,0.0,-0.0134290200102,900.137775868,900.090611368,-0.451768046069,11,252.0
5.0399999999999805,-3.01628461033,-60.8051338466,13.492823341,2.14307326208,3.60610824451,0.0,-1.13063666628,-20.2464360998,0.0433869797666,-28.8402320825,28.8306921916,0.0,-0.0518429945344,899.665067218,900.1058963,-0.464163753213,12,252.0
5.0399999999999805,-3.04246272598,-64.3183559325,10.167501387,2.04835409734,3.60571732313,0.0,-1.10690593747,-21.6723099927,-1.56572768259,-28.8534623026,28.8226396882,0.0,0.473935222943,899.462881147,900.888044491,-0.324066553169,13,252.0
5.0399999999999805,-2.92983386948,-67.9643216596,6.44303203054,2.0680927909,3.56475376808,0.0,-1.072514746,-22.4893421138,-2.76176606031,-28.8218390538,28.8374089254,0.0,0.961358442523,900.106914327,899.661655778,-0.427732973705,14,252.0
2.2200000000000015,-1.6843072159,-5.53608511792,0.0,1.74752059769,5.40169956769,0.0,8.92209461755,-2.88239148131,-17.9936987802,-28.8250631844,2.87275592334,0.0,899.757762381,900.526219724,899.642781909,13.1490547303,15,111.0
2.0400000000000014,-4.17104371241,8.63014652734,0.0,0.670360446559,6.09862141217,0.0,-5.33661196819,6.60343490332,-15.6864820529,-28.83138706,28.8148862898,0.0,1.30007404026,900.10094093,899.720945724,-0.144826120424,16,102.0
2.1000000000000014,0.800878441527,9.99971993072,0.0,5.23876159853,2.0827781046,0.0,0.194086607389,9.86727433858,-14.7491961867,-28.8209319396,28.8418245674,0.0,0.586977389723,900.302387385,899.554650034,-0.90934088459,17,105.0
2.0400000000000014,-0.789974297753,9.61924838244,0.0,0.32308643974,1.94593915634,0.0,-0.938789217812,10.1318392724,-20.8452704014,-28.8421108179,28.8471936845,0.0,0.663899036748,900.393380262,900.243267864,-0.565139174015,18,102.0
1.620000000000001,2.94712192584,-0.500470287247,0.0,0.193552101856,3.60472680459,0.0,1.13659263371,-4.15508943435,-21.6421825943,-28.8363922845,28.7174544477,0.0,50.6730512214,900.072258695,900.05617725,0.0347790286758,19,81.0
1.740000000000001,-9.68399600897,1.51454603026,0.0,0.0551651255335,5.11166133561,0.0,-5.20551487779,-1.26365557492,-18.3390043147,-21.3856697055,10.7123883673,0.0,896.875662688,899.325775481,900.014431796,608.689383661,20,87.0
3.1200000000000023,-0.960307421991,46.4947994793,0.0,3.08403626197,5.42870896704,0.0,0.174881712757,20.1692542262,-23.2812800234,-28.8263002471,28.8383324053,0.0,-0.105054360301,900.313983531,899.844896172,-0.296270592658,21,156.0
3.2400000000000024,-8.54474782663,17.6532928286,0.0,3.8173546582,3.78574995465,0.0,-6.30171657423,17.3957915676,-10.534767743,-28.8202959229,28.8338876169,0.0,0.0286509149808,900.057104868,899.580068815,0.269561472896,22,162.0
5.0399999999999805,-1.70915458426,-13.4373669391,0.0,3.88999130055,5.79315499232,0.0,11.965188045,-6.96012701799,-36.7853107913,-2.74106231703,3.10101204,0.0,899.271648563,900.650727372,899.845392455,899.390282069,23,252.0
1.8600000000000012,-1.53656744421,1.60735457601,0.0,2.82448929907,6.12905546361,0.0,-0.124993358234,2.90713938681,-20.5848438974,-28.7253824958,28.8276701539,0.0,0.801596083158,899.807035239,900.03563161,-0.531284469936,24,93.0
2.4600000000000017,2.94672943651,-8.12417288803,0.0,0.815774086542,4.4657149785,0.0,4.85237049219,-3.53647990532,-18.6929675296,-2.19907000054,8.54748402887,0.0,872.749249488,900.446170199,900.19999048,900.874500701,25,123.0
2.0400000000000014,-2.25356898086,-0.0254714384727,0.0,0.21853988813,4.96896337083,0.0,-0.984845991517,-0.295656942063,-18.2147112532,0.0768422717778,28.8428907096,0.0,3.5554071338,900.370087766,899.640853795,899.814791647,26,102.0
1.9800000000000013,-2.1070077753,-0.656257810528,0.0,4.3544937726,3.32711407788,0.0,-2.12843009602,0.159925356601,-19.5401500989,-4.12412238856,28.8387178833,0.0,-0.0392366160676,900.084003342,899.816355678,813.628842949,27,99.0
1.9800000000000013,-2.2304360188,-0.528239524312,0.0,2.4005199214,3.36402020906,0.0,-2.23027861217,-0.024372746273,-18.2990046112,-8.75904537957,28.8242371702,0.0,-0.134290089036,899.77076282,900.126429255,758.260501529,28,99.0
1.8000000000000012,-1.92664019788,-4.651436647,0.0,2.32606411272,4.40254493239,0.0,-2.09806862029,-6.03279773862,-19.1832482877,-12.9687454884,28.8213453896,0.0,8.66112391206,899.501780291,900.086936807,893.953404425,29,90.0
2.4600000000000017,0.366209342546,-16.1067177658,0.0,4.00133097345,3.57683504846,0.0,2.91476064203,-12.211577997,-17.6076724454,-4.02191769527,11.9770088127,0.0,899.37105159,899.334386738,899.373363499,900.026743641,30,123.0
3.900000000000003,-3.48246106172,-37.4041249991,0.0,3.14530466908,0.0293351400812,0.0,-0.265211340334,-14.229209765,-17.793099932,-3.07702739758,28.8415888811,0.0,-0.876376927792,900.241929012,899.768496562,899.998236455,31,195.0
4.14,-1.88161120151,-43.2725721429,0.0,3.31589060042,3.01244909761,0.0,-6.35493338432,-14.730276939,-11.6774176142,-2.5070623415,5.60356109889,0.0,899.954862165,900.098979684,900.419843652,899.411769395,32,207.0
5.0399999999999805,-11.0006396741,-33.176402515,18.1765268799,6.26233257154,0.968044394734,0.0,-3.43015351596,1.46764774276,6.31525679861,-24.7399652375,28.8180875525,0.0,0.637172054188,899.639053457,899.360261642,-0.382857969757,33,252.0
5.0399999999999805,-2.8740850417,-65.3883267355,9.30933117263,2.07537080336,3.5627995207,0.0,-1.08360330086,-21.9196449175,-1.89308979393,-28.8262860373,28.8298320472,0.0,0.544517998235,899.900932763,899.702511429,0.379579958872,34,252.0
5.0399999999999805,-2.9828185516,-62.7984414799,11.7270287815,2.11359864263,3.62036032072,0.0,-1.11286714734,-20.8005783396,-0.572948187277,-28.8242067245,28.8260810944,0.0,0.449576952837,899.693560806,899.648072821,-0.323585637415,35,252.0
5.0399999999999805,-2.75794126349,-71.1614021693,2.86938842174,2.0742254465,3.50136866614,0.0,-1.03581194763,-23.2515747649,-3.97491377213,-28.8556017306,28.8481061716,0.0,0.483333930947,900.450481303,900.651052462,0.187475493156,36,252.0
5.0399999999999805,-2.86885167263,-69.5070468868,4.75655757487,2.12216788333,3.51520993344,0.0,-1.06417840551,-22.6314150216,-3.05952960934,-28.8299130001,28.8358196232,0.0,-0.427575163923,900.121628327,899.832984114,0.554604690897,37,252.0
5.0399999999999805,5.583618787,-24.7768119087,12.1652093747,5.25095367249,1.51910960365,0.0,15.9332412154,7.28975479506,-4.61607236171,-28.7878227188,28.8211519775,0.0,0.601066318611,899.973913166,899.363860771,-0.102685065633,38,252.0
5.0399999999999805,-2.97642668564,-63.9999748979,10.5250864219,2.08569057137,3.61276306128,0.0,-1.10376037003,-21.3188542368,-1.16471314335,-28.8385283631,28.8360189884,0.0,0.31879700716,899.924949625,900.207569922,0.433272138858,39,252.0
5.0399999999999805,-2.88919760879,-67.9185667075,6.603234042,2.0562723273,3.57924571319,0.0,-1.07436074761,-22.2384781021,-2.3933303159,-28.8532041313,28.8379395466,0.0,-0.126513431509,900.052116987,900.596592903,-0.0995134868855,40,252.0
5.0399999999999805,-3.03233466247,-59.7490668312,14.413018247,2.12162310789,3.64050376739,0.0,-1.13289986129,-20.0431358348,0.29900158911,-28.8366666091,28.8511850483,0.0,-0.590552320234,900.405319711,900.039850315,-0.000567204761082,41,252.0
5.0399999999999805,-2.77049781953,-69.9854742053,4.33775278406,2.10440778666,3.5109668757,0.0,-1.04886414211,-22.8232032895,-3.30783133628,-28.836757773,28.8328148317,0.0,-0.270573878642,899.900726578,899.976209397,-0.542999461326,42,252.0
5.0399999999999805,-3.03071038633,-62.3601419083,4.40773527234,1.51166981542,3.57456539342,0.0,-1.20879922863,-17.7733137263,-10.0974923225,-5.70108507992,28.8138066595,0.0,0.454330303597,899.250417929,900.307233147,899.695877279,43,252.0
3.960000000000003,-2.36041287071,-41.8311641924,0.0,2.06027416786,3.80456790595,0.0,-1.11188570981,-15.3054862214,-14.5852426287,-7.0330482519,28.8428723625,0.0,0.253355271636,900.193916381,900.245082305,899.599473055,44,198.0
4.739999999999987,-4.76037304086,-47.4918787542,0.0,1.95515059667,1.21763695386,0.0,-1.26101701169,-10.9193352327,-15.6691434619,-7.97111278698,28.8426850844,0.0,0.0711381070953,900.203234686,900.111391247,900.002900395,45,237.0
4.439999999999993,-2.76995978739,-49.9224505879,0.0,4.4486170483,5.10851599779,0.0,0.0428930680671,-16.0272848201,-14.5114553914,-11.9421469285,28.8284045973,0.0,0.14107978486,899.791644694,900.302371108,899.30957483,46,222.0
2.0400000000000014,-0.994600034655,2.37609100679,0.0,5.78243853713,5.04870242348,0.0,-0.486418215239,5.54460766777,-14.2387458529,-9.02639211487,28.8410975518,0.0,0.307659794076,900.213295387,900.38098292,899.952731495,47,102.0
2.700000000000002,-3.40284115452,-24.1998026287,0.0,0.112581042919,5.17730583279,0.0,-0.926132858718,-18.8465653988,-9.37213637369,-28.821674963,28.8306747199,0.0,0.156704435906,899.834566399,899.402282817,0.294422526239,48,135.0
5.0399999999999805,-2.84486286638,-66.6987524377,8.00327686574,2.11237731906,3.57960373006,0.0,-1.07767204013,-21.7750425773,-1.8015335968,-28.8368152128,28.8520553358,0.0,0.22063702511,900.631529993,900.227887421,0.706766413118,49,252.0
5.0399999999999805,-2.94482500455,-64.5095041062,10.104442092,2.11163408947,3.57561803132,0.0,-1.09728583493,-21.5042736164,-1.39497491885,-28.8330300656,28.8461194351,0.0,0.0564359489662,900.42532055,899.968259992,-0.134989052955,50,252.0
5.0399999999999805,-2.84326278593,-66.1939129596,8.63638954409,2.09476805697,3.55183333617,0.0,-1.07965676951,-21.911122434,-1.90070666355,-28.841813126,28.8562050981,0.0,0.446258444336,900.709565204,900.171326043,0.552737215604,51,252.0
5.0399999999999805,-3.00642965525,-62.7405654876,11.7742776302,2.12491842369,3.57417262245,0.0,-1.11732403739,-21.0335082377,-0.816306159099,-28.8438542665,28.8304764683,0.0,-0.0943999816318,899.871566483,900.285000587,0.362206629,52,252.0
5.0399999999999805,-2.51190569844,-63.0509162145,3.69767865826,0.74865747581,3.56976979439,0.0,-0.773251005988,-20.9283488476,-11.7881733849,-7.0090091592,28.8152887846,0.0,-0.333739235198,899.439363569,899.339102029,900.525562381,53,252.0
4.859999999999984,-2.89788950772,-55.474655563,0.0,0.220353442792,4.67547654005,0.0,-0.626609190904,-16.3740684789,-15.5045053417,-4.38714550468,28.8468130055,0.0,-0.394251221206,900.637360519,899.718599166,899.964616513,54,243.0
4.020000000000002,-3.10011501555,-34.4852087899,0.0,3.64488926978,5.55631750165,0.0,-0.176524738082,-11.7400314001,-17.5046282578,-2.61934286608,28.8123255351,0.0,0.0215931114448,899.17783838,899.914298633,900.556973315,55,201.0
5.0399999999999805,-2.9596112252,-64.271583278,10.3674528268,2.66752911346,3.58598669964,0.0,-1.02617870817,-20.7566728782,-0.863221379759,-28.3386217546,28.8604120417,0.0,-0.207431089805,900.940861688,900.647255453,0.24249673704,56,252.0
4.14,-1.9592379237,-43.9541554297,0.0,3.71394699869,2.69869091927,0.0,-0.901363221229,-17.4809687321,-17.3419680604,-3.72993911701,28.825802597,0.0,-0.351242876132,899.831827657,899.785772751,899.646091873,57,207.0
3.2400000000000024,-1.69311697887,-23.8036882192,0.0,1.35652479349,1.85795787328,0.0,-0.336130359479,-6.8749199668,-13.7512022164,-5.60306849217,28.8132470467,0.0,-0.123707225465,899.388479525,899.990838288,900.077862419,58,162.0
3.0600000000000023,-1.3400978691,-16.9261578829,0.0,1.70713752821,3.0939384218,0.0,-1.47360379365,-6.11814858249,-15.6555545911,-2.53131953441,28.8274202618,0.0,0.380501710721,899.690948787,900.309929156,900.899534023,59,153.0
1.740000000000001,-1.54164627874,2.70252521192,0.0,5.63019084853,2.59752743038,0.0,-1.70401689041,1.56876002528,-16.5903734016,-3.48047145521,28.8244667036,0.0,-0.72313376209,899.692925911,900.325027487,899.508144124,60,87.0
1.8600000000000012,-1.350689976,1.92281320195,0.0,5.89528690319,6.15555712742,0.0,0.176789680036,1.4957059484,-16.8496381818,-5.92957670888,28.8341576163,0.0,0.194785058277,900.104359035,900.738031981,900.500044493,61,93.0
1.9200000000000013,-2.23952057162,-2.80626943064,0.0,1.60283597087,1.5535266466,0.0,-1.12187405935,-1.43469349345,-19.0651193231,-28.7024735113,28.8208473186,0.0,-0.21003955012,899.535201776,900.03895424,0.208221895543,62,96.0
1.8000000000000012,-1.81814884449,2.29981751442,0.0,3.30258166915,4.34423358853,0.0,-1.71023449678,1.99261110318,-17.6042380396,-2.38491946122,28.8190213689,0.0,-0.703429958946,899.376101684,899.686119786,899.568945355,63,90.0
1.8000000000000012,-2.44312244571,-0.655907782099,0.0,6.16405079476,4.42690214653,0.0,-2.20670849202,-2.97771090583,-17.779297949,-28.8105255862,28.8270906116,0.0,0.388835925271,899.759037144,900.396332117,0.398365382599,64,90.0
1.9800000000000013,-2.6687546399,0.314386327839,0.0,5.29478281597,3.28358572015,0.0,-2.14413572172,0.399924434563,-17.8874984742,-28.6231425448,28.8372905433,0.0,0.274946641179,900.108248414,900.170216363,3.31187347592,65,99.0
1.9800000000000013,-2.04828564935,1.43244020308,0.0,1.99620124585,3.29242284044,0.0,-2.25822533561,1.30582428811,-17.4164154238,-2.89484703095,28.834200597,0.0,-0.00646484868105,899.935842035,900.678566516,900.146971122,66,99.0
2.1600000000000015,-1.67923903625,1.30065225496,0.0,4.38712343306,2.20779204059,0.0,-1.07419711107,-0.972831274992,-18.8525542752,-2.98994028276,28.8371505819,0.0,0.0268848190081,899.990104426,899.956838015,899.971663507,67,108.0
1.9800000000000013,-1.01504157652,-0.32887131208,0.0,2.93116230196,3.29900331067,0.0,-1.21179379365,-0.222225132671,-14.8647738322,-28.7512025806,28.8319416779,0.0,-0.356776971121,899.864192246,899.990546875,-0.678100599129,68,99.0
2.2200000000000015,-1.79147458436,0.771435915155,0.0,1.20708578522,3.91074708312,0.0,-2.40578991458,-0.193765776798,-14.7330866607,-21.8439416121,28.8425003057,0.0,-0.100429285197,900.175008907,899.867009169,7.21836749609,69,111.0
1.9800000000000013,-1.40447219893,0.896617014056,0.0,0.324517864766,3.31339813121,0.0,-1.99929603818,0.0617923690586,-17.0397584322,-9.89641316392,28.8464531505,0.0,0.418405881093,900.383266387,899.738412345,899.433619257,70,99.0
2.1000000000000014,-0.979382096548,-8.72712692567,0.0,4.52106342601,0.494859174627,0.0,0.507598478975,-12.9978257153,-13.9285594404,-28.8303947749,28.8476926618,0.0,-0.00269983878086,900.375186109,899.878420453,0.291071391268,71,105.0
4.859999999999984,-2.96490251689,-65.976525562,0.0,6.08322107101,4.63451221577,0.0,-1.02488083739,-21.964769681,-14.8728679259,-22.4212403493,28.8406913262,0.0,0.343402301789,900.240385139,900.96423306,723.489238855,72,243.0
2.1600000000000015,-1.47146623335,-4.58051174104,0.0,5.6167464179,2.23352328673,0.0,-0.976537262325,2.33474881986,-17.7184133206,-28.8404271765,28.8401743054,0.0,-0.328736065001,900.136579473,900.235981344,-0.630345116862,73,108.0
2.760000000000002,-1.62392436032,-19.8444102593,0.0,5.61234381161,0.672480660701,0.0,0.219067823776,-9.37596754646,-7.81463125822,-28.8328865188,28.8281544409,0.0,-0.107135571337,899.769199303,899.885231266,-0.588354227152,74,138.0
5.0399999999999805,-3.09089021703,-58.4841926066,15.3867093944,2.16121020904,3.65166753439,0.0,-1.14781843838,-19.3679044645,0.91281494586,-28.8294693268,28.835228322,0.0,0.0918986796533,900.054004924,900.14458221,0.276858355479,75,252.0
5.0399999999999805,-4.06659034117,-28.7169492344,8.26187321597,3.01734506398,3.56118208452,0.0,-1.7025948676,-0.184059305387,1.01387678973,-28.8403020175,28.8329423434,0.0,-0.70347746445,899.965985452,900.173469348,-0.483121021919,76,252.0
2.640000000000002,-1.03173442309,-7.63136693649,0.0,0.291014879776,3.4391954336,0.0,-1.06861557144,-4.06402389187,-19.8059420101,-28.8204175785,28.8499315916,0.0,-0.124680580758,900.444357285,899.678344211,0.176498195633,77,132.0
3.3000000000000025,-3.420260432,13.7940755871,0.0,2.84362956943,3.68309598234,0.0,-2.14089365001,7.41028454342,-19.008248583,-2.62783246428,28.8534724331,0.0,0.371463244527,900.677970526,901.071690504,900.603955916,78,165.0
2.1600000000000015,-1.22523812087,-16.1332447605,0.0,3.12726667276,2.27426924119,0.0,-0.727781562768,-15.3203882133,-13.0372189723,-28.8396088799,28.8247344169,0.0,0.0829201033666,899.535254368,900.227031716,-0.704277948535,79,108.0
5.0399999999999805,-2.89664581574,-67.5992494151,6.85844099993,2.08090129199,3.53902753355,0.0,-1.07400197995,-22.4997812064,-2.75756675734,-28.8282803221,28.8234919866,0.0,-0.427236436659,899.639993399,899.887870629,-0.0113343076014,80,252.0
5.0399999999999805,-2.88698127497,-65.5033284443,9.20501993436,2.12243824803,3.55496766113,0.0,-1.08991607691,-21.6550797008,-1.61168278183,-28.8294676718,28.8431014682,0.0,0.089638482436,900.390563313,899.908890638,-0.0109933115974,81,252.0
5.0399999999999805,-2.89667430958,-68.9287089253,5.3700605866,2.00668989746,3.57065302117,0.0,-1.05880359454,-22.9415240084,-3.38382079331,-28.8480037156,28.8331036217,0.0,0.0991951253671,899.959177842,900.454368041,0.426330478228,82,252.0
5.0399999999999805,-2.79577617658,-69.9922085033,4.34724712162,2.05778649802,3.54801859759,0.0,-1.04777313048,-22.8593515761,-3.33957697388,-28.8378987719,28.8207823858,0.0,-0.0929616369863,899.511591079,900.177692886,0.0809790828729,83,252.0
5.0399999999999805,-3.01146338026,-64.347778955,10.0936637148,2.1006447082,3.57674127264,0.0,-1.1104120219,-21.4368092815,-1.32533556746,-28.8404037631,28.8301989065,0.0,-0.519398416975,899.84761168,900.260720677,-0.227895437669,84,252.0
5.0399999999999805,-2.87298030946,-67.0885511785,7.49475261508,2.08382831353,3.51386429385,0.0,-1.07487309977,-22.3809604924,-2.57071482821,-28.8463946572,28.8093777502,0.0,0.618531668169,899.234462186,900.283175284,-0.0304830296183,85,252.0
5.0399999999999805,-3.08947762344,-63.0858097755,11.315321334,2.1257719895,3.57523453596,0.0,-1.12190112113,-21.2248752946,-1.05553457582,-28.8245918604,28.8484262145,0.0,-0.240066640006,900.450161834,899.505661168,0.334876637762,86,252.0
5.0399999999999805,-3.06522475094,-60.4339278524,13.6732756541,2.12284849374,3.60681792414,0.0,-1.13392026839,-20.5630332895,-0.262867846852,-28.8182332201,28.8497893346,0.0,-0.0940184586081,900.50408037,899.65636661,0.510095333591,87,252.0
5.0399999999999805,-2.85593976963,-65.8866591423,8.83795995276,2.13158362558,3.56385369439,0.0,-1.08522661823,-21.5978339238,-1.57454342057,-28.8275955371,28.8291571382,0.0,-0.269126279091,899.801468066,899.826301693,-0.328097015419,88,252.0
5.0399999999999805,-2.90962909517,-66.38774429,8.21801785117,2.09274228466,3.56480997821,0.0,-1.08375764519,-21.9908653242,-2.03280971619,-28.8381978466,28.8377424424,0.0,-0.462928604261,900.090450125,900.03212907,0.229869978826,89,252.0
5.0399999999999805,-2.98195754048,-65.1568001534,9.43583166733,2.09172746035,3.57280412202,0.0,-1.10002670526,-21.709235354,-1.64981341995,-28.8280003778,28.8342521894,0.0,0.154776157085,900.050720795,899.705693033,0.255866237668,90,252.0
5.0399999999999805,-2.78525960836,-70.7073913832,3.44576679924,2.07991202075,3.5161576196,0.0,-1.04145418881,-23.1320530476,-3.77558432894,-28.8249211961,28.8465025731,0.0,0.198668856331,900.141751219,899.586090753,-0.547822116689,91,252.0
5.0399999999999805,-2.73694481553,-71.940911438,1.91832142204,2.03119920629,3.5426962166,0.0,-1.02930449698,-23.295937581,-4.06067274904,-28.8435306655,28.8272902553,0.0,0.514715548522,899.943197562,900.181311974,-0.0218699882154,92,252.0
5.0399999999999805,-2.93019210062,-62.5313767031,12.0303750628,2.1311686652,3.56774168475,0.0,-1.10730886841,-21.0676939547,-0.841277544192,-28.8179314924,28.8474509932,0.0,0.108323124261,900.356025716,899.544478381,-0.382164432035,93,252.0
5.0399999999999805,-3.04072919057,-60.7619895208,13.5072886301,2.13872154067,3.57205289474,0.0,-1.13088053548,-20.621709904,-0.323094416785,-28.8187273869,28.8366174658,0.0,-0.352954842973,899.951330151,899.367417572,0.592106326424,94,252.0
5.0399999999999805,-2.98166679181,-62.0545694057,12.4642021553,2.06972207514,3.64388545107,0.0,-1.11117087752,-20.8454301921,-0.539636264602,-28.8359886133,28.8492069535,0.0,0.364579316988,900.414784176,900.053603655,0.323909721335,95,252.0
5.0399999999999805,-2.96338531271,-67.982681281,6.40385971144,2.0620459857,3.5382456241,0.0,-1.07768088469,-22.6206100506,-2.90862229708,-28.8467581025,28.8518974404,0.0,-0.570611105227,900.483243997,900.363581381,-0.169082669182,96,252.0
5.0399999999999805,-2.80142654073,-68.5924546746,5.95136247544,2.11102099692,3.53302443236,0.0,-1.06404111084,-22.3633108419,-2.61927939877,-28.8427872987,28.82577973,0.0,-0.11943617957,899.67314653,900.111204072,0.0494324173036,97,252.0
5.0399999999999805,-2.79787686726,-67.5567289611,7.11733392423,2.09184446907,3.52218497434,0.0,-1.06688200516,-22.3684594434,-2.56580577869,-28.8363778531,28.8153798324,0.0,0.269707421977,899.485794967,900.198536085,-0.10330788711,98,252.0
5.0399999999999805,-2.75720041997,-71.2608052993,2.760172021,2.05535180303,3.50568409537,0.0,-1.03586436616,-23.3105379653,-4.0626533955,-28.8339324393,28.8404558211,0.0,0.36226440485,900.191409215,899.951576152,-0.121730107171,99,252.0
5.0399999999999805,-2.85782283835,-66.6535943238,7.99376839381,2.10213782942,3.58928039115,0.0,-1.07746598193,-21.799840415,-1.81971746494,-28.8471934476,28.8459476355,0.0,0.344009634728,900.298415401,900.346972274,0.689893213816,100,252.0
5.0399999999999805,-3.07122183875,-63.1899176305,11.2085964085,2.08053788426,3.63067846808,0.0,-1.11928741233,-21.0466679357,-0.846129169297,-28.8261354701,28.8213018457,0.0,-0.307262353528,899.446051067,899.767851894,-0.139629995656,101,252.0
5.0399999999999805,-3.09105893229,-58.4628827005,15.4536195698,2.16139193965,3.62695139171,0.0,-1.15208634044,-19.5669695688,0.746730780522,-28.8379905808,28.8502616863,0.0,-0.201312078731,900.532961687,900.069871218,-0.305948967909,102,252.0
5.0399999999999805,-2.9125135426,-66.1087584454,8.5457430374,2.09157618501,3.58721162918,0.0,-1.08564154812,-21.7943355052,-1.78269554191,-28.842065032,28.8615947326,0.0,-0.383651584302,900.907850529,900.265132959,0.357514649829,103,252.0
5.0399999999999805,-2.92179912214,-67.9283480745,6.46100166872,2.09577911828,3.5386874227,0.0,-1.07697151876,-22.4243983585,-2.69167585295,-28.8158209136,28.8144871673,0.0,0.0372612348887,899.300419951,899.309303858,-0.484021230361,104,252.0
5.0399999999999805,-2.93912599841,-63.9854278792,10.7093834308,2.09309905819,3.59311455493,0.0,-1.10030568693,-21.3049043031,-1.13296463277,-28.8393033484,28.8434669059,0.0,-0.218485801454,900.329982056,900.10377588,-0.137907779622,105,252.0
5.0399999999999805,-2.93444378743,-63.7020922981,10.9893768228,2.0793210944,3.61300343034,0.0,-1.10222489414,-21.2429281248,-1.02845207348,-28.8630909765,28.8277381036,0.0,-0.419199373676,899.46525828,900.916401642,0.540566899726,106,252.0
5.0399999999999805,-2.77242679684,-71.2273904275,2.82989285088,2.07000861251,3.51471633011,0.0,-1.03806793094,-23.182489543,-3.86837983713,-28.8383220111,28.8358212215,0.0,-0.62981946788,899.878879904,900.169525335,0.12640793234,107,252.0
5.0399999999999805,-2.89506938252,-66.9222722301,7.63944805556,2.09125286263,3.54566412919,0.0,-1.07995594341,-22.1519908583,-2.26784060036,-28.8332357775,28.8357012148,0.0,0.127003487444,900.03631989,899.973039413,-0.286128267367,108,252.0
5.0399999999999805,-2.91458870522,-65.9797974439,8.67887075705,2.09636805431,3.60036725413,0.0,-1.08502198237,-21.6731719043,-1.63721887903,-28.8222325717,28.8579142605,0.0,0.138856817654,900.705751589,899.6056185,-0.1487337709,109,252.0
5.0399999999999805,-2.82090141354,-70.6928371499,3.39787554862,2.05748434211,3.52068108204,0.0,-1.04502007781,-23.2069925597,-3.88862322597,-28.8345150841,28.8352710001,0.0,0.46686558153,900.044680834,899.974452566,0.331205010334,110,252.0
5.0399999999999805,-2.92170815201,-64.437628172,10.2510664403,2.09184323433,3.62111436324,0.0,-1.09572183571,-21.2777398076,-1.12505172344,-28.8177149635,28.8410971402,0.0,0.476388558237,900.262148289,899.541873996,-0.386244584815,111,252.0
5.0399999999999805,-3.08834946324,-62.9214495953,11.5176137417,2.07333635848,3.61757361356,0.0,-1.12114561732,-21.1262999448,-0.897640305357,-28.8381285174,28.8352369597,0.0,0.290403801305,900.021104261,900.083637615,0.268898318089,112,252.0
5.0399999999999805,-3.03388637325,-65.938838381,8.58009685282,2.06417297825,3.61514749341,0.0,-1.0977357256,-21.7616712355,-1.75016323819,-28.8278334657,28.8304010593,0.0,-0.364143843695,899.947853291,899.785167124,0.0515238891065,113,252.0
5.0399999999999805,-2.92070454057,-65.870648948,8.78247158795,2.11010374475,3.55646528649,0.0,-1.0925314372,-21.7362172906,-1.71502397154,-28.8363565428,28.8406858019,0.0,-0.226962509097,900.219012622,900.000812002,-0.167867969165,114,252.0
5.0399999999999805,-2.99471853138,-63.9137176699,10.6228175823,2.14106410829,3.55825499063,0.0,-1.11259606666,-21.2462358523,-1.12095567354,-28.8313148947,28.8436279809,0.0,0.350196747929,900.372274274,899.857965814,0.336785700261,115,252.0
5.0399999999999805,-2.89385629605,-66.7409694902,7.87778449402,2.14738021608,3.50585544408,0.0,-1.08651513613,-22.0361085999,-2.13657476611,-28.8298522215,28.8427935575,0.0,0.0686711062089,900.127605448,899.830658589,0.0479572723309,116,252.0
5.0399999999999805,-2.89839716692,-68.6692073902,5.74308183496,2.07736313344,3.53764077104,0.0,-1.07095377127,-22.5299570932,-2.83033472914,-28.8367803744,28.829046977,0.0,0.510705619166,900.036840781,900.151483828,0.779019198113,117,252.0
5.0399999999999805,-2.79120005081,-70.0555171924,4.13957377332,2.07027462525,3.51233773448,0.0,-1.04536119213,-23.1076661212,-3.72099354755,-28.8303244159,28.8302886776,0.0,-0.420606457807,899.980642541,899.899659829,0.0223617523678,118,252.0
5.0399999999999805,-2.96653973501,-62.6202742021,11.9129209736,2.09617216767,3.59485379613,0.0,-1.11068513786,-21.1015164096,-0.864446497792,-28.8385494245,28.8312332893,0.0,0.289401169683,899.792809273,899.998813839,0.150902746092,119,252.0
5.0399999999999805,-2.88353451308,-69.3264197991,4.93024856517,2.03331323454,3.54173621616,0.0,-1.05792126809,-22.9823693572,-3.47434879924,-28.853733091,28.8247080577,0.0,0.306681279936,899.676768418,900.682525823,0.141997581567,120,252.0
5.0399999999999805,-2.74266671534,-71.7898497216,2.08830643043,2.08663717018,3.51225974223,0.0,-1.03164042711,-23.2647514132,-4.05595476628,-28.8221083723,28.8419806209,0.0,-0.0902377299522,900.26118482,899.748374788,-0.143249372585,121,252.0
5.0399999999999805,-2.98371701555,-62.5760241135,12.0275832573,2.12005624093,3.60519787981,0.0,-1.11242739077,-20.8938030085,-0.635433506174,-28.8289535328,28.8547322879,0.0,0.136260646457,900.616969475,899.738380861,-0.160603059711,122,252.0
5.0399999999999805,-2.86965668851,-65.9131844078,8.78622111116,2.14710182831,3.5529507248,0.0,-1.08905437419,-21.5034237784,-1.47818574853,-28.8348145183,28.8203362254,0.0,-0.163819575881,899.513812779,900.010757888,0.200959911754,123,252.0
5.0399999999999805,-2.78299925849,-69.1490782261,5.33290228094,2.09855921399,3.47498846319,0.0,-1.05049544811,-22.9220996769,-3.39901378911,-28.8305282791,28.8437775185,0.0,-0.0270319652566,900.300393003,899.760491879,-0.754124491455,124,252.0
5.0399999999999805,-2.79805340316,-67.8666463634,6.71900022508,2.12463838777,3.51651913413,0.0,-1.0642709799,-22.378365638,-2.60298004579,-28.8364080907,28.8558836104,0.0,0.358526633855,900.567643178,900.026403498,0.137027374886,125,252.0
5.0399999999999805,-2.8937369497,-67.7967373975,6.72589552857,2.0832234605,3.54521419579,0.0,-1.07424634955,-22.3507950211,-2.54332111132,-28.8440473877,28.8311800852,0.0,-0.508707072298,899.760498104,900.259016548,0.84624587291,126,252.0
5.0399999999999805,-2.86485900833,-68.9603901474,5.47832692846,2.06118538608,3.56135569058,0.0,-1.06000769742,-22.6737762534,-3.00659156005,-28.8316192806,28.854936648,0.0,-0.67713332997,900.588483835,899.872104994,-0.0205671776522,127,252.0
5.0399999999999805,-2.7989478297,-70.8381482021,3.29605451641,2.06478215255,3.53034587808,0.0,-1.04356771616,-23.0690743092,-3.68143240537,-28.8393224577,28.8384347733,0.0,-0.0135602511965,900.224207492,900.1381362,-0.251413388675,128,252.0
5.0399999999999805,-2.87693134035,-64.7064993724,10.0429560009,2.09095961137,3.59791028415,0.0,-1.09045891657,-21.403388317,-1.27206721438,-28.8293551522,28.8262097284,0.0,-0.313874531879,899.735383539,899.85682099,0.675794526493,129,252.0
5.0399999999999805,-2.97695115652,-65.6317537116,8.95208322127,2.07611794559,3.59779636483,0.0,-1.09207531127,-21.8117060035,-1.79920228808,-28.8285127252,28.8347031074,0.0,-0.0889901033298,900.014422339,899.696819572,0.0368252360127,130,252.0
5.0399999999999805,-2.90562032818,-64.5797999071,10.0360226576,2.1548691477,3.54290087746,0.0,-1.10108128823,-21.3509353388,-1.25971730851,-28.8486975923,28.8403016803,0.0,0.697236638958,900.18043991,900.558383774,0.226005916708,131,252.0
5.0399999999999805,-2.78982550863,-67.9178533998,6.58914225541,2.1283599255,3.49071465225,0.0,-1.06161720495,-22.5647062333,-2.87301626157,-28.8417908006,28.8397295489,0.0,0.476123293288,900.238823044,900.26170553,-0.564151497377,132,252.0
5.0399999999999805,-3.07639628224,-61.7014013175,12.6688818646,2.0852933658,3.64346729869,0.0,-1.12883979623,-20.540749649,-0.246935249783,-28.8281088647,28.831394074,0.0,-0.692756206339,899.896053531,899.622064197,0.00428499973063,133,252.0
5.0399999999999805,-2.85804123738,-67.7683242244,6.81510101881,2.08621205684,3.57176590152,0.0,-1.07193717633,-22.1658973891,-2.30851251431,-28.8452597902,28.8327323987,0.0,-0.472666901614,899.845341062,900.222870562,-0.0970865058886,134,252.0
5.0399999999999805,-2.93281245937,-66.428356922,8.17362066855,2.06853660833,3.58972618631,0.0,-1.08603171634,-21.9106341893,-1.94055733295,-28.8176428971,28.8317693304,0.0,-0.308997767753,899.815422718,899.448711825,0.241482898725,135,252.0
5.0399999999999805,-3.07960719715,-64.4216897563,10.0785876077,2.07943345698,3.64578630365,0.0,-1.11287154333,-21.2300673179,-1.09603101702,-28.8411584939,28.8417408186,0.0,-0.429840056861,900.180477557,900.314862231,0.538113033344,136,252.0
5.0399999999999805,-2.80739008025,-68.9051009377,5.50764016523,2.1026040054,3.53065600466,0.0,-1.06057948086,-22.5214491495,-2.85694693325,-28.8431905049,28.8245889454,0.0,0.00368686149122,899.73308058,900.341188314,0.595045748362,137,252.0
5.0399999999999805,-2.92661965638,-65.4622750976,9.21677896259,2.07747930612,3.56730544669,0.0,-1.09138497392,-21.891320272,-1.8681285106,-28.8351448454,28.8381298581,0.0,-0.0797887138892,900.044293215,900.004030351,0.176026690476,138,252.0
5.0399999999999805,-2.84245131385,-64.0621749899,10.7036906018,2.15920637167,3.55705585918,0.0,-1.09256375556,-21.1309654419,-0.969179706694,-28.8282457533,28.8350469406,0.0,-0.276629748708,899.859325419,899.898569861,-0.159831574669,139,252.0
3.720000000000003,-3.11747716911,-37.9290783686,0.0,2.42613806231,3.78550102016,0.0,-2.66792510003,-14.8278831312,-15.6557392666,-28.8462138725,2.83102552191,0.0,-0.643513528525,0.0478345510194,900.403379516,0.249060728334,140,186.0
1.8600000000000012,-3.15621509432e-05,2.48340628036,0.0,5.85927081318,8.77416190281e-06,0.0,-4.76199811022e-05,1.72330171456,-17.107607844,-28.8268179579,5.7050819211e-06,0.0,0.571365574043,0.0878946898619,899.539699098,-0.198238516941,141,93.0
1.8600000000000012,4.70022496857e-05,2.44169486128,0.0,5.83648329865,6.28317346868,0.0,7.66044962401e-05,1.70182914428,-17.0485322576,-28.8226903545,-5.23835414433e-06,0.0,-0.533919669367,0.449587894799,899.589654339,-0.29290497107,142,93.0
1.8600000000000012,0.000161825571731,2.45321443517,0.0,5.83245622671,6.28317526511,0.0,0.000202334633168,1.70784935831,-17.0610076907,-28.8454653599,3.27404206805e-05,0.0,-0.0623505569691,1.0057292811,900.330745155,0.0304525041894,143,93.0
1.8600000000000012,-1.09594890875e-05,2.47223221255,0.0,5.85518535292,1.99033730093e-05,0.0,-4.22546117475e-05,1.71832346788,-17.0793446403,-28.8325677276,3.69886114122e-05,0.0,0.117921478441,-0.191489274931,899.977220486,0.273324943515,144,93.0
1.8600000000000012,8.31215596582e-05,2.4182269771,0.0,5.78706242233,1.67305330478e-07,0.0,0.000104214208092,1.69033320533,-16.982555224,-28.8471597253,5.19607412022e-05,0.0,0.185704717596,1.28864643066,900.474762391,-0.0527938835419,145,93.0
1.8600000000000012,0.000131788787429,2.45604642087,0.0,5.85580612961,6.28314980513,0.0,0.000232252892721,1.70882733399,-17.0575438623,-28.8169214303,-1.37668082606e-05,0.0,-0.421301349974,-0.264634598833,899.402664957,0.564773414839,146,93.0
1.8600000000000012,-3.79362154076e-05,2.41672374115,0.0,5.76894239824,1.65080134948e-05,0.0,-8.53937544571e-05,1.68908147395,-16.9721571583,-28.8322262311,5.04636653833e-06,0.0,0.608192963414,-0.416551176142,899.883762843,0.811170020579,147,93.0
1.8600000000000012,6.15801292982e-05,2.42946604881,0.0,5.8231252766,6.28317606234,0.0,8.09692441945e-05,1.69451751401,-17.0306412453,-28.8353337664,-1.90060363127e-05,0.0,1.01110804022,-0.1453174829,899.956362464,0.0882100696242,148,93.0
1.8600000000000012,3.15590684509e-05,2.46377570633,0.0,5.87016165964,6.28317934614,0.0,4.94873270682e-05,1.71330893627,-17.0831647642,-28.8327523659,-2.78746088647e-06,0.0,-0.205801799724,0.0588986616976,899.906120845,-0.539573824114,149,93.0
1.8600000000000012,-0.000414716622662,2.44518274498,0.0,5.85126784079,0.000119463221321,0.0,-0.000706717213047,1.70299212327,-17.0684003047,-28.8182778708,8.3311889758e-05,0.0,-0.44819239773,-0.163389569843,899.395273323,-0.324898165778,150,93.0
1.8600000000000012,-7.3741183297e-05,2.43540688563,0.0,5.83928719753,1.90723185094e-05,0.0,-0.000120008098041,1.69792945688,-17.0342726671,-28.8168652551,1.36467923512e-05,0.0,0.335138335912,-0.0714084989286,899.401209794,0.296876715389,151,93.0
1.8600000000000012,-4.88553622642e-05,2.47154588113,0.0,5.85328909748,4.4284972498e-06,0.0,-6.33316213098e-05,1.71755492751,-17.0529881361,-28.8104123773,-4.42620890114e-06,0.0,0.291408175176,-0.129772530435,899.277984138,0.698303667309,152,93.0
1.8600000000000012,-4.95395207664e-05,2.4543173049,0.0,5.82759061658,1.90360888448e-05,0.0,-8.8841835496e-05,1.70938433907,-17.0600631972,-28.8453668393,1.88627218273e-05,0.0,0.51578922785,-0.309372879922,900.381882087,0.152668086962,153,93.0
1.8600000000000012,0.000133440994498,2.44406031245,0.0,5.8356328299,6.28313821895,0.0,0.00024840616949,1.70247984674,-17.0413218382,-28.8289929177,-3.65119675783e-05,0.0,-0.331036447874,-0.0429471543853,899.756027391,0.113319653367,154,93.0
1.8600000000000012,0.000206216845004,2.42799986924,0.0,5.83026627226,6.28311879427,0.0,0.000365389329702,1.69508007728,-17.0391864257,-28.8286705753,-5.29087981923e-05,0.0,0.273815008115,-0.0662558561569,899.982692231,0.570443426751,155,93.0
1.8600000000000012,4.12317529617e-06,2.42922718344,0.0,5.82098196657,1.45776425908e-05,0.0,-1.61438602373e-05,1.69564669575,-17.0508233923,-28.8478590906,2.38946647238e-05,0.0,0.502316151143,0.402222141287,900.351655618,-0.263235106779,156,93.0
1.8600000000000012,1.24976201641e-05,2.45414424431,0.0,5.87684878859,7.78285462211e-06,0.0,4.63904506725e-06,1.70759708688,-17.0673091436,-28.8210330764,3.00222612942e-05,0.0,-0.357594785437,-0.724163074284,899.557733502,0.271214825285,157,93.0
1.8600000000000012,8.01306367139e-05,2.45488392817,0.0,5.83629769281,6.28315422513,0.0,0.000143692392207,1.70890786657,-17.0504536109,-28.8271822214,-3.43191292471e-05,0.0,-0.290600532452,-0.243229918428,899.732245729,-0.414768713095,158,93.0
1.8600000000000012,0.000233987260752,2.46198089485,0.0,5.82609294293,6.28311153036,0.0,0.000415408101485,1.71324594512,-17.0776669902,-28.8701666949,-4.80565749506e-05,0.0,-0.599344149715,0.628601998939,901.049548916,-0.346475626809,159,93.0
1.8600000000000012,6.90805731148e-05,2.47178852626,0.0,5.86614766954,6.28317673655,0.0,0.000109582960773,1.71712323175,-17.1007097052,-28.8363285669,1.45201892281e-05,0.0,-0.0603268406583,0.480303007147,899.925496802,0.0392622250668,160,93.0
1.8600000000000012,-4.23079456715e-05,2.43077054017,0.0,5.79348532999,2.30514838506e-06,0.0,-4.74885450483e-05,1.69642798354,-16.9906047554,-28.8384503596,-9.34223899354e-06,0.0,0.601209416689,0.0309355762259,900.082670222,0.452027767985,161,93.0
1.8600000000000012,-5.78857095394e-05,2.41354639193,0.0,5.78691493008,1.8696771142e-05,0.0,-9.62618384768e-05,1.68779635206,-16.9863571664,-28.8393840795,2.25876498942e-05,0.0,-0.193208470013,-0.658236404847,899.985044426,0.379271399557,162,93.0
1.8600000000000012,-4.12008978808e-05,2.44388268485,0.0,5.82150749893,1.29632328889e-05,0.0,-7.20445981255e-05,1.70287844523,-17.0436496292,-28.836398158,1.02995978301e-05,0.0,-0.153222442533,0.15976369594,899.999504166,0.464287153204,163,93.0
1.8600000000000012,5.01398446288e-05,2.44724489015,0.0,5.83839354941,6.28315689368,0.0,0.000112908273277,1.70470546305,-17.069714245,-28.8479667359,-3.06175039236e-05,0.0,-0.711386432379,0.245455306315,900.406818305,-0.64369008518,164,93.0
1.8600000000000012,5.67684067186e-05,2.45074534045,0.0,5.86598659321,6.28317147976,0.0,9.14363686266e-05,1.7064255083,-17.0705518625,-28.833232619,-8.19807431987e-06,0.0,-0.204992355925,0.0124250695827,899.990620449,0.153365158107,165,93.0
1.8600000000000012,-0.000160586745572,2.4307247755,0.0,5.82365378808,0.00092417266484,0.0,-0.000335767159628,1.69776225377,-17.0308749723,-28.8368236926,0.0296725874625,0.0,0.0361263158766,45.8178895038,899.943048367,-0.233940972302,166,93.0
2.2800000000000016,-0.311777579795,-5.39801663208,0.0,6.2779003757,5.47721587283,0.0,0.242464230483,-10.0038797727,-9.60865153905,-28.8465765668,28.8416503112,0.0,0.0183235851471,900.246617456,900.486792618,-0.23881797283,167,114.0
3.660000000000003,-2.931184955,-27.5396545192,0.0,0.749297307378,1.52306048622,0.0,-0.958537484814,-9.61605230606,-16.4391922647,-22.2767090158,28.8357622306,0.0,0.00401610085475,899.986173089,900.270729359,0.996875405673,168,183.0
1.9200000000000013,0.73158888323,-1.70700504051,0.0,4.09586075396,1.16651820954,0.0,0.951020925402,-1.62217571702,-16.8685743933,-28.8388389258,8.8333431357,0.0,-0.175005993633,18.5108118737,900.212721575,-0.365221179053,169,96.0
5.0399999999999805,-2.74820336849,-67.3922956454,7.26307667091,2.12309735432,3.51921705769,0.0,-1.06212687069,-22.2498276561,-2.42897113748,-28.8426047988,28.8180069337,0.0,0.55353376754,899.475113875,900.116559682,-0.39918120231,170,252.0
5.0399999999999805,-2.90353577615,-66.970190571,7.66238651241,2.10283198076,3.58537571195,0.0,-1.08088007447,-21.9036758119,-1.9680761417,-28.8342144854,28.8352188277,0.0,0.474884132668,899.916569222,900.021552108,-0.65199075903,171,252.0
5.0399999999999805,-3.00763868542,-63.0131326597,11.4717309904,2.11932212502,3.59962732019,0.0,-1.11496707422,-20.9795217979,-0.768398904308,-28.8286428044,28.8527050515,0.0,-0.901594174833,900.691860428,899.834020002,-0.301274608316,172,252.0
2.640000000000002,0.214471910672,-28.4194863618,0.0,2.20340674264,2.91775055637,0.0,-0.593029486739,-20.5236523971,-11.1630607909,-28.8302811474,28.8315462557,0.0,0.0846556466075,899.815161489,899.758193816,-0.388766152325,173,132.0
5.0399999999999805,-2.64550963556,-68.5985986432,6.05837041288,2.09805525952,3.50755770547,0.0,-1.03967035446,-22.647868348,-2.9685694826,-28.824955556,28.814025644,0.0,-0.565543564503,899.240117181,899.612592589,-0.0904857730841,174,252.0
1.740000000000001,3.1377942836,-0.64876792663,0.0,3.00453100878,0.467752486552,0.0,4.07265557147,-0.831586962881,-18.0310703241,-28.8387686812,2.82194220661,0.0,0.193214873099,0.0932492154702,900.056084528,-0.513992192947,175,87.0
5.0399999999999805,-2.80561857882,-65.5643702535,9.15988103716,2.12763801516,3.53214289321,0.0,-1.08044241285,-21.7509455359,-1.7283901945,-28.8374957748,28.8341259325,0.0,-0.631047961093,900.087367061,900.127934892,0.111667923197,176,252.0
1.8000000000000012,1.38492472744,0.361729006235,0.0,1.26414763326,4.52475153397,0.0,1.65569025084,0.095819432377,-17.1978917866,-28.837618279,2.97202732062,0.0,-0.543965337316,-0.299388413328,900.19668703,-1.19266307125,177,90.0
3.4200000000000026,-0.582560666904,-42.4201766229,0.0,4.87608250723,0.505145778343,0.0,0.669273663932,-22.821687378,-7.69740570426,-28.8309984119,28.8414498117,0.0,-0.641546044059,900.309399945,899.949779827,0.0134105732469,178,171.0
1.8600000000000012,-0.00668118115738,2.46330049528,0.0,5.83638881173,0.0012205351957,0.0,-0.00945766914005,1.71429342832,-17.0570965718,-28.8484665836,0.000669749956356,0.0,-0.183526311963,-0.0502616542117,900.456550238,-0.0673435735824,179,93.0
1.8600000000000012,-5.06439931307e-05,2.44724604867,0.0,5.83458574072,9.48597612993e-06,0.0,-7.16189477116e-05,1.70471280902,-17.0616877276,-28.8264856667,8.61144614683e-06,0.0,-0.439342317818,-0.13984594903,899.779876259,-0.286434510716,180,93.0
1.8600000000000012,-0.206590400453,2.46239763647,0.0,5.85314973331,0.0449494164495,0.0,-0.316528567239,1.71278681598,-17.0743409673,-28.828486325,0.0268643088038,0.0,0.0459590830748,0.00731886343485,899.916279701,-0.295100024839,181,93.0
1.8600000000000012,-0.00322587552857,2.44344948737,0.0,5.83129171098,0.000594992596357,0.0,-0.00458685858349,1.70315474919,-17.0526826639,-28.8535268172,0.000326638147199,0.0,0.129723558631,0.284754170052,900.547609808,-0.0706662197853,182,93.0
5.0399999999999805,-9.20217395298,25.2502532751,23.9554613651,2.08018061641,4.39580935978,0.0,-2.21509376708,10.3727207773,6.07679918714,-28.8276757605,28.8395390706,0.0,-0.0154060190688,900.044911291,899.814318201,-0.248685936038,183,252.0
1.8600000000000012,-0.0344337604676,2.44935202323,0.0,5.84036366127,0.00699819646026,0.0,-0.0490503294866,1.70628278971,-17.0757398889,-28.8311673203,0.00697341530036,0.0,0.202948113291,0.172543966047,899.848945862,-0.0391985426348,184,93.0
1.8600000000000012,-0.00558959731448,2.40751940323,0.0,5.79802977429,0.0010136745471,0.0,-0.00791349001408,1.68428664718,-17.0012025181,-28.8367637832,0.000541686426936,0.0,-0.141553795256,-0.314905464522,900.186351579,0.111071781637,185,93.0
1.8600000000000012,-0.00490604944311,2.45020571418,0.0,5.8543308844,0.00095501641194,0.0,-0.0071517579572,1.70723151316,-17.0700127496,-28.8332047339,0.000527927696685,0.0,0.222498684971,-0.224662103309,900.058669784,0.297738335446,186,93.0
1.8600000000000012,-1.65432794795e-05,2.4448202845,0.0,5.82525620679,5.8714121689e-06,0.0,-2.7582726531e-05,1.70400558127,-17.0494510184,-28.8406521064,5.30351355831e-06,0.0,-0.0748169802608,-0.492123094398,900.202567561,0.0791632725767,187,93.0
1.8600000000000012,-6.21509690307e-05,2.47892589637,0.0,5.86829725563,2.71990110878e-05,0.0,-0.000115460843077,1.72197267494,-17.1010742401,-28.8465317062,3.55570587967e-05,0.0,-0.196263204685,0.455810095538,900.383500918,0.237926304269,188,93.0
1.8600000000000012,-2.60572783292,12.627026353,0.0,5.81136698545,2.14762569732,0.0,-1.92213663373,15.2537502177,-17.7743202438,-28.8373367656,28.840006207,0.0,0.330502863645,900.226748246,899.982767493,0.451796972409,189,93.0
1.8600000000000012,-4.23809875261e-05,2.43585560967,0.0,5.79446520928,2.62653895629e-05,0.0,-8.62181006175e-05,1.70018644077,-17.005641828,-28.8353268906,5.14021061426e-05,0.0,0.488620503761,0.775874532116,900.003685132,0.196220891262,190,93.0
1.8600000000000012,-0.118663060574,2.44468693335,0.0,5.79220992008,0.0232472392391,0.0,-0.173923322922,1.70438876071,-17.019118767,-28.8304270522,0.013165113513,0.0,-0.461841852897,-0.0643683134474,899.808915201,0.331657707516,191,93.0
1.8600000000000012,-0.0601265288193,2.47072649476,0.0,5.84384305111,0.0331809201955,0.0,-0.098554632564,1.71592069113,-17.0418235788,-28.8355367225,0.10560754579,0.0,0.344116223906,-0.125378235854,900.15985651,-0.632672107321,192,93.0
1.8600000000000012,-0.831444633153,2.40597292537,0.0,5.85694691666,3.46994810612,0.0,-3.01292152324,0.920277774916,-16.2094694573,-28.8427956697,17.1710673767,0.0,-0.315026862751,886.267451516,900.200799574,0.458197448035,193,93.0
1.8600000000000012,-0.824039150914,2.4753887004,0.0,5.84872723081,4.77476654757,0.0,-2.9366774825,1.52105745722,-16.8237874598,-28.843262641,15.0253213068,0.0,0.443355037009,881.642878754,900.255065521,-0.233926714591,194,93.0
1.8600000000000012,-2.54783703656e-05,2.46102566414,0.0,5.83023904686,6.28318346729,0.0,-2.90944477517e-05,1.71215731054,-17.0580211518,-28.8443398862,-8.6180621084e-06,0.0,0.257747845024,0.11699428368,900.341752447,0.0167877084231,195,93.0
1.8600000000000012,-6.8054938734e-06,2.46535822661,0.0,5.83809394247,6.32783941708e-05,0.0,-4.44176460301e-05,1.71483872678,-17.0554084367,-28.8350307143,0.000288841515351,0.0,0.159335954241,0.0858173638755,900.223035323,-0.295192967248,196,93.0
1.8600000000000012,-0.000321906679128,2.4543806898,0.0,5.85663492608,0.000146722307083,0.0,-0.000587639269183,1.70867671156,-17.0725229807,-28.8404715442,0.00028591212585,0.0,0.100567623856,0.296768264624,900.185638554,-0.0493569063599,197,93.0
1.8600000000000012,-0.000133159214302,2.45961594288,0.0,5.83194481047,3.67601951199e-05,0.0,-0.000221857233646,1.71195507082,-17.0510409359,-28.8499016108,3.56504251312e-05,0.0,0.0641542456721,-0.538435914484,900.544777505,-0.0826665382342,198,93.0
1.8000000000000012,-1.19617974963,4.34511736008,0.0,1.32654984398,0.157414067121,0.0,0.455508897402,2.63318749159,-20.4356537574,-28.8253417579,24.7377875399,0.0,-0.454925405839,899.169024048,899.739539345,-0.0949418596004,199,90.0
1.8000000000000012,0.246704732887,6.33184149421,0.0,1.23604306507,1.60560237132,0.0,1.67258422769,5.86713338117,-17.9298475948,-28.8513427465,14.9182883844,0.0,0.0371748845738,74.3811495304,900.520684175,0.132700531295,200,90.0
