time,x,y,z,phi,theta,psi,x_velocity,y_velocity,z_velocity,phi_velocity,theta_velocity,psi_velocity,rotor_speed1,rotor_speed2,rotor_speed3,rotor_speed4,episode,total_reward
0.9000000000000005,-1.4463803289,0.0155315138791,0.0,0.263952337753,4.16491452285,0.0,-3.21328897115,-0.134552295825,-5.07208888921,0.911047439066,8.36017230102,0.0,240.518268168,394.473702577,255.039047432,287.868397418,1,45.0
0.9000000000000005,-1.4522018311,0.0161295153464,0.0,0.271983532622,4.16467756572,0.0,-3.21585035847,-0.137387408316,-5.0896408786,0.943858577225,8.33590871185,0.0,239.866022486,393.555075051,254.378473292,288.213274395,2,45.0
0.9000000000000005,-1.44340661011,0.0151725122963,0.0,0.234711678476,4.13042452577,0.0,-3.25001161862,-0.11639559389,-5.02295718816,0.840031315116,8.3416704665,0.0,241.803076729,395.656856955,257.784249396,289.18860498,3,45.0
0.9000000000000005,-1.43851009264,0.0194517163414,0.0,0.251469355887,4.13674303744,0.0,-3.23310156631,-0.120985822083,-5.01369064217,0.862895246615,8.34914048356,0.0,241.35177752,394.672431223,256.563684798,287.891446225,4,45.0
0.9600000000000005,-1.94373918923,0.0404527281424,0.0,0.101432436631,2.97556050736,0.0,-5.06671625304,-0.0535473491995,-5.34019276245,-8.1449752112,2.20096831312,0.0,437.841316429,360.062567862,482.814922878,261.052778076,5,48.0
0.7200000000000003,-0.78428917155,1.2361208888,0.0,0.060187237896,5.77727376769,0.0,-2.52909110562,4.23568100199,-3.28385074398,-13.4290962459,-10.2490376397,0.0,480.435492087,348.733401218,548.826027295,351.730365625,6,36.0
0.6600000000000003,-1.4544580173,1.16873133457,0.0,2.26279125593,4.09513297974,0.0,-4.89110480678,2.81529839226,-3.03942130026,-20.6233188199,-20.5493854342,0.0,842.096839771,120.694817159,818.998748721,191.06589888,7,33.0
0.48000000000000015,-0.417566398466,-0.238165906997,0.0,3.95108843366,5.93145259927,0.0,-1.25229351864,-2.1550875248,-5.41760842464,-21.8615269027,-24.7702571866,0.0,852.364030151,105.630491277,817.70568109,229.64083021,8,24.0
0.4200000000000001,-0.688402134595,0.0167729826229,0.0,2.02179567373,6.11837052583,0.0,-3.63910736482,0.546128077526,-4.12639611382,-7.95805390088,-17.1015995918,0.0,582.289541665,224.610096103,493.8370772,495.537965102,9,21.0
0.48000000000000015,-0.895952822218,-0.0412199523731,0.0,1.35954689795,3.14066511639,0.0,-4.1726161308,-0.00214370440168,-3.26464025353,-7.21260634226,-20.6962016174,0.0,833.027040656,167.81052932,675.366784072,493.549652614,10,24.0
0.4200000000000001,-0.169880921727,-0.0156113975844,0.0,0.566764251364,2.44355650658,0.0,0.539403572762,-0.439501308955,-4.79736362866,-0.175373423475,-25.4370525291,0.0,829.548247621,161.552400173,407.064008712,520.063601719,11,21.0
0.48000000000000015,-0.485253542205,0.0858772569343,0.0,2.46580403166,2.032610249,0.0,-2.20629265501,0.368602208653,-4.20224201206,18.6313184638,-18.9704507995,0.0,613.94321449,192.571246104,341.622588671,811.677009177,12,24.0
0.48000000000000015,-0.850163079154,0.380296544277,0.0,5.99761309861,0.812223016801,0.0,-2.7322617666,1.09636036317,-4.31287593311,25.9624012532,-11.9422552993,0.0,747.246130164,68.2161229856,315.107680774,890.428814598,13,24.0
0.4200000000000001,-0.769199291817,0.133235567994,0.0,4.96163842372,0.744153077857,0.0,-4.16082680509,0.191203633792,-4.21999373887,26.4077631372,-0.19746094141,0.0,369.595213525,432.007408963,253.985662138,869.849070269,14,21.0
0.4200000000000001,-0.886007464274,0.23819997121,0.0,3.88365441764,1.42547718477,0.0,-4.91979163706,0.852662799852,-4.02044027763,26.7386404578,-2.0463634741,0.0,514.393990036,379.766254757,241.486694936,849.031215944,15,21.0
0.4200000000000001,-0.619293721511,0.000603797866317,0.0,1.81608872576,4.22026529623,0.0,-0.109314506252,-0.235637568984,-4.20270999688,28.351284309,-11.6718949718,0.0,559.032932641,346.357164129,67.7817326772,900.314799212,16,21.0
0.4200000000000001,-0.373342674425,-0.147142021955,0.0,1.69138629497,4.25807180268,0.0,0.140977997968,-0.848577128001,-3.11271201558,28.1880165014,-7.85961975821,0.0,305.034256637,647.595317311,119.17648762,899.79681698,17,21.0
0.36000000000000004,-0.447867683619,0.0335619236726,0.0,4.93315403251,0.687485936608,0.0,-1.43846038295,-0.681253616532,-4.47388432408,25.1588313494,-2.0827487456,0.0,559.125381364,232.587674195,504.130900118,898.996442531,18,18.0
0.36000000000000004,-0.122698031489,0.104663793574,0.0,3.14980089791,3.11464966482,0.0,-0.890915079155,-0.184930574396,-4.30351788566,23.7810282524,4.86319301491,0.0,181.495870782,432.656788805,431.069284121,899.592122879,19,18.0
0.4200000000000001,-0.0318171888967,-0.115754761691,0.0,2.36156421842,2.15744629487,0.0,1.08032944784,0.0965564241528,-4.23357282759,13.1092405189,11.8686214872,0.0,496.483416541,87.8939698387,851.143824979,899.48895579,20,21.0
0.4200000000000001,0.119480878928,-0.176690919977,0.0,6.16953566067,4.14778755595,0.0,-0.258589774979,-0.226990908839,-4.49152839437,12.4427276427,22.8539568019,0.0,5.60931483002,795.136610589,758.686750632,899.565918035,21,21.0
0.36000000000000004,0.14030188621,0.0145284600749,0.0,2.88081120432,6.265957786,0.0,2.60705791371,-0.415612405475,-4.80175558094,8.37425410523,13.7391877388,0.0,45.6482394809,548.221615869,889.759432336,899.637479638,22,18.0
0.5400000000000001,0.0936443518494,0.440472650355,0.0,2.6095163779,6.12335518121,0.0,0.499228872019,1.73654425199,-3.00194006547,7.50684706909,15.7682581995,0.0,79.8242020927,726.065535808,787.901512061,893.819711411,23,27.0
0.5400000000000001,-0.902657353445,0.727181042064,0.0,3.99850606516,1.9443169258,0.0,-2.88504454456,0.725506111637,-4.60667754959,5.20164659929,26.7220762371,0.0,2.97152314312,861.338904017,896.123155512,899.439178092,24,27.0
0.7200000000000003,-0.554807652757,0.785406288183,0.0,5.2202238358,4.32973152019,0.0,-1.67646599965,2.20741812741,-5.00689400674,4.71845066211,28.679807385,0.0,0.242938648365,898.144194324,897.638394827,899.775175229,25,36.0
1.8000000000000012,-1.35704596151,-10.6417745657,0.0,4.06974859715,0.0885865456616,0.0,5.52753248076,-9.80509934472,-5.65075870064,1.52963792809,27.0893950041,0.0,6.4477073123,854.134386032,899.31047947,899.708050121,26,90.0
3.1200000000000023,-32.8407986124,2.11618971427,0.0,5.33406941533,3.3331780025,0.0,-13.1304349204,-0.00418351134194,-14.3469261526,-0.403812608616,13.8934074474,0.0,900.074241482,899.568167742,899.834588925,900.612692731,27,156.0
0.6000000000000002,-2.41978001332,0.196954771517,0.0,5.46674123331,1.07689801759,0.0,-4.17335618185,0.00120065275842,-4.42266003636,-2.03895809785,27.3527311701,0.0,58.1866409928,899.77354175,900.034843537,899.593345883,28,30.0
0.9000000000000005,-6.71772204854,1.89943372286,0.0,4.37093073228,0.0189054536745,0.0,-6.50675889498,1.01969601428,-6.76428084085,-2.48558354326,7.58602943938,0.0,900.029882916,899.971077758,899.69510234,900.180308461,29,45.0
0.36000000000000004,-1.57921260155,1.24009986117,0.0,1.00408580574,1.90911013215,0.0,-11.5974936341,3.93854305609,-4.46788714549,-4.56202282213,2.21597676084,0.0,898.425889427,896.041925092,899.040483765,880.579546233,30,18.0
0.3,-0.790193181511,-0.63148851314,0.0,3.18922259609,0.573957389197,0.0,-5.98632582864,-4.77387559462,-9.82367706616,-4.62043021814,0.224201990828,0.0,882.457627921,899.580116532,900.251833297,890.259981109,31,15.0
0.4200000000000001,-1.51707016335,-0.343555589791,0.0,2.64702421229,6.20246663992,0.0,-6.08552182457,-3.46423314012,-9.52319010582,-10.3849801652,-2.32046360599,0.0,899.673636969,899.690880868,900.449803025,818.626662135,32,21.0
1.2000000000000006,-1.71599429245,-6.21523712869,0.0,3.62124121013,4.88507635735,0.0,10.171393497,-5.89262974645,-6.11794190484,-28.8548571755,-1.532769695,0.0,899.672775101,900.288055716,900.432945861,0.440194967906,33,60.0
1.0200000000000005,0.155173432596,1.55997369174,0.0,4.25642238544,5.13835098885,0.0,9.33302367765,1.78244578234,-4.45110267211,-28.8441869184,-1.44787441708,0.0,900.312106406,900.257343271,900.367714498,0.292975005137,34,51.0
0.8400000000000004,0.487438899203,2.24003012089,0.0,3.54230520733,5.17653839387,0.0,8.00511490215,2.88601160459,-3.93606311031,-28.820935857,-1.72668917685,0.0,900.103714396,900.407780249,899.740921029,-0.193577980621,35,42.0
0.9000000000000005,1.22043864223,2.42503149023,0.0,1.75364929776,5.11568299496,0.0,9.8877264158,2.98595051355,-5.01744130878,-28.853940233,-1.61147667882,0.0,900.769347283,900.407090767,900.643920411,0.76939989231,36,45.0
1.8000000000000012,16.7985170165,4.405400874,0.0,4.1297636887,4.23333856586,0.0,26.8778946674,2.95681056909,-8.33633658204,-16.5627047658,-0.891653605182,0.0,900.177126198,899.577979797,899.859719618,801.901608632,37,90.0
3.660000000000003,14.5103160776,-29.8255092724,0.0,1.84040374367,4.64978887194,0.0,16.5630210029,-5.0166976133,-12.7404884558,-23.2604368455,-28.8270215817,0.0,899.887478909,1.70430084763,899.917158015,677.299014722,38,183.0
0.36000000000000004,-0.703396483314,-0.208535800157,0.0,5.32123749938,3.41077165681,0.0,-2.27655234724,0.232214434901,-3.69902117343,-14.3952030625,2.14759693006,0.0,899.652164939,899.730057734,900.063783374,899.782213443,39,18.0
0.23999999999999996,-0.27002923083,-0.0669353481276,0.0,2.55354946214,0.56847469376,0.0,-2.98989163008,0.401660743466,-9.23326723007,-5.71919235766,1.13483470341,0.0,857.343997868,899.921034094,898.653614212,900.292647285,40,12.0
1.3200000000000007,-8.8687524626,-3.88915034701,0.0,1.44911074041,6.0091052495,0.0,-8.01507493542,4.1757389856,-17.3696721466,-3.13360560682,-0.738152452161,0.0,900.623580476,899.325117193,900.136370275,900.533944766,41,66.0
5.0399999999999805,132.736681472,-32.3716590902,2.77983241424,0.955717637238,4.55244538699,0.0,40.3989167809,-7.29062018498,-19.2864616912,-0.961040479546,-28.8312390433,0.0,900.206681062,1.01033452117,900.420579905,899.380464309,42,252.0
0.4200000000000001,-1.69781949909,0.0310308314106,0.0,6.03388175985,2.01428835347,0.0,-10.7577015355,0.61297476174,-6.94341569137,-0.940151997472,-9.91596745026,0.0,900.587809243,899.3840695,899.633899315,899.514686451,43,21.0
0.4200000000000001,-0.476065168387,-0.0033831260331,0.0,6.08016623382,2.35889148629,0.0,-5.67326531959,0.41466236525,-6.3182266616,-0.783303243937,-13.1665241549,0.0,900.114793208,872.51525807,899.035121052,900.168340585,44,21.0
0.36000000000000004,-0.653191266931,0.00502671243625,0.0,6.00170060928,0.191078024291,0.0,-6.06315202269,-0.039986288593,-4.91023802841,-1.6546596428,-24.7967958838,0.0,900.353966604,429.79983224,899.718515526,899.88335205,45,18.0
0.6000000000000002,1.54991176242,0.0406436566627,0.0,5.87311086099,1.94593999997,0.0,4.58091193335,0.539595679308,-4.96938269662,-1.07752872221,-28.8355729932,0.0,900.349561173,3.83276052622,900.690621704,899.618050468,46,30.0
0.9600000000000005,0.000121389121939,0.0555527326218,0.0,5.64274314675,5.63471068133,0.0,-1.33609490937,-0.242023116704,-4.35587255095,-0.649434372596,-28.8352898829,0.0,899.978976962,0.256924132962,899.963143584,900.627353315,47,48.0
0.9000000000000005,-2.00867636045,0.0525773195473,0.0,5.75524347984,1.71457031473,0.0,-2.40854964728,0.63564773825,-5.63555323364,-0.708467264376,-28.8239432807,0.0,899.735798783,0.582766395267,900.470569184,899.758520799,48,45.0
0.8400000000000004,-2.36694499214,0.0222157598846,0.0,5.857416789,3.58969543815,0.0,-2.68652600457,-0.294754510501,-3.74854629937,-0.596665603316,-28.8454851452,0.0,900.320917895,0.288866248786,900.481711233,899.727570326,49,42.0
0.8400000000000004,-2.49702537071,-0.0165069274953,0.0,5.62549097771,3.62663190547,0.0,-2.89726862367,-0.531168595936,-3.95380202748,-0.910870158882,-28.8412185085,0.0,900.242812277,0.0836638276735,899.590598184,899.805530483,50,42.0
0.8400000000000004,-2.56318902158,-0.0244330858706,0.0,5.77691671914,3.64809991068,0.0,-3.00699588201,-0.442256085587,-3.92600833604,-0.730038691333,-28.8176316704,0.0,899.48261361,0.457877743012,900.208869471,899.191521538,51,42.0
0.7800000000000004,-2.36674639838,0.00221589595248,0.0,5.8707057542,5.3887800494,0.0,-4.98372473328,-0.335144958006,-3.51933415324,-0.613638714673,-28.829792089,0.0,899.809501697,-0.18200890728,899.920287816,899.818136449,52,39.0
0.7800000000000004,-2.41258148448,0.00386260756663,0.0,5.80680779838,5.42620506992,0.0,-5.0826136828,-0.364215451468,-3.72236025155,-0.828098422779,-28.8290625734,0.0,899.980732522,0.449961885956,900.076280667,899.39876821,53,39.0
0.7800000000000004,-2.37297817076,-0.00218337434893,0.0,5.86029644354,5.38594879163,0.0,-4.98638596878,-0.350498468485,-3.51919334195,-0.634457478251,-28.8198140161,0.0,899.508158092,-0.706092831237,900.014688066,899.835306279,54,39.0
0.7800000000000004,-2.45746457231,0.00492995435606,0.0,5.9538840394,5.45825372077,0.0,-5.17518413295,-0.241062572219,-3.86116253274,-0.448015400736,-28.8295359986,0.0,899.779874006,-0.311719491145,900.213086843,899.796380269,55,39.0
0.7800000000000004,-2.45240629244,0.000837112251604,0.0,5.89444478868,5.42573544531,0.0,-5.13928672798,-0.304205899183,-3.72640179498,-0.632370160903,-28.8577496022,0.0,900.77387154,-0.396592352559,900.470664589,899.290584167,56,39.0
0.7800000000000004,-2.49961956738,0.00113364555077,0.0,5.97168993673,5.47398545297,0.0,-5.25090673344,-0.22746937255,-3.92929271194,-0.444702427925,-28.8392672819,0.0,900.149198952,0.0739501580227,900.021780197,900.17481191,57,39.0
0.7800000000000004,-2.47159970846,-0.00308493744454,0.0,6.01674209241,5.46033390203,0.0,-5.198126722,-0.2051440805,-3.84446794692,-0.3432281421,-28.8434944053,0.0,900.332757671,0.193995487386,898.885742004,899.572692122,58,39.0
0.7800000000000004,-2.49317416877,-0.00723126965247,0.0,6.1016596934,5.45331760684,0.0,-5.22215483913,-0.149247214967,-3.79075105817,-0.192896465896,-28.8449138389,0.0,900.433154931,-0.305492079353,899.976539424,899.933209461,59,39.0
0.7800000000000004,-2.50190577408,-0.00609804633316,0.0,6.10819369912,5.46138831971,0.0,-5.24504314454,-0.142455655746,-3.84707427277,-0.306089702038,-28.8421970522,0.0,900.209512888,0.459417092927,900.909724336,900.129794017,60,39.0
0.7800000000000004,-2.53144585779,-0.00506528996988,0.0,6.14596153086,5.46841708461,0.0,-5.29076962306,-0.109506376672,-3.85746273232,-0.215782808204,-28.8359073162,0.0,900.021524429,-0.638927047711,900.257444785,899.962475999,61,39.0
0.7800000000000004,-2.51785372498,-0.00611556759713,0.0,6.14404025512,5.46748546616,0.0,-5.27003448716,-0.112639955323,-3.83509051927,-0.206548193648,-28.8186016336,0.0,899.512837977,-0.196606670679,899.834380193,899.859036488,62,39.0
0.7800000000000004,-2.53430676108,-0.00326126059622,0.0,6.14036690582,5.48833363037,0.0,-5.31185543478,-0.106415320506,-3.95397875251,-0.255695485979,-28.8346875227,0.0,899.981030435,-0.329593186082,900.144698015,899.430442452,63,39.0
0.7800000000000004,-2.50396562025,-0.0040595756305,0.0,6.20174714641,5.47055134409,0.0,-5.25119906155,-0.0667738905767,-3.86002567684,-0.156062722696,-28.8275304064,0.0,899.86412878,-0.249277234875,899.650773725,899.194542349,64,39.0
0.7800000000000004,-2.49640867105,-0.00497812847178,0.0,6.27542769988,5.46535674846,0.0,-5.23824655746,-0.0129953479153,-3.82533221571,0.118670700861,-28.8399351198,0.0,900.343625193,-0.805633518177,899.208135958,900.51419438,65,39.0
0.7800000000000004,-2.44078709738,-0.00388452360175,0.0,6.23634447333,5.43371258003,0.0,-5.12989602199,-0.0426452554953,-3.6670117435,-0.0731013446328,-28.8288952509,0.0,899.927140441,-0.109843885641,900.487681966,900.059528293,66,39.0
0.7800000000000004,-2.44719706313,-0.00287960217583,0.0,6.22771405689,5.44707533734,0.0,-5.15396412471,-0.0479193216864,-3.73995684568,-0.141320286782,-28.8457248055,0.0,900.434382372,-0.240438512733,900.22845747,899.892770969,67,39.0
0.8400000000000004,-2.57888264456,-0.00929688316251,0.0,6.19420457707,3.66473250955,0.0,-3.04994381675,-0.0837092086676,-3.8404624623,-0.161059448319,-28.8273018948,0.0,899.784453908,0.264773584879,900.141475303,900.297982605,68,42.0
0.8400000000000004,-2.51284550453,-0.0128677900114,0.0,6.22457971594,3.63012922112,0.0,-2.92110679222,-0.0691388714174,-3.72610381162,-0.00990704131164,-28.8211265499,0.0,899.455941783,0.276229770145,899.545599453,899.999152702,69,42.0
0.8400000000000004,-2.44239697709,-0.00843224069908,0.0,6.25934771032,3.61205806699,0.0,-2.81157951766,-0.0327341438791,-3.68382943968,-0.0178809437076,-28.8375215765,0.0,900.031372888,0.0745307562476,899.754107638,899.950853139,70,42.0
0.9000000000000005,-2.48197440768,-0.0163886828575,0.0,6.11220439565,1.83311388386,0.0,-2.88139233748,0.165609170768,-5.98205793159,-0.290329231396,-28.8291141469,0.0,899.869075645,-0.644033796552,900.150499541,899.896881754,71,45.0
0.8400000000000004,-2.35255997951,-0.00680474974217,0.0,0.0202693712314,3.59897230896,0.0,-2.68072731489,0.000372168672947,-3.6686218697,0.0890775966252,-28.8454889271,0.0,900.219514856,-0.199957510871,900.165714501,899.595867269,72,42.0
0.8400000000000004,-2.3370046746,-0.00958299409183,0.0,6.21878964317,3.58558803808,0.0,-2.64510719984,-0.0618649120303,-3.62782216919,-0.085726038352,-28.8575356258,0.0,900.721729482,0.622559582133,899.248927124,899.839904191,73,42.0
0.9000000000000005,-2.28265782042,-0.00903981316345,0.0,6.24037343873,1.78012834911,0.0,-2.68325112596,0.0353061143028,-5.86142475076,-0.110659087912,-28.8258269785,0.0,899.590297938,-0.289351059561,899.898075261,899.185140452,74,45.0
0.9600000000000005,-2.18512509188,-0.010090817866,0.0,0.0202005775169,6.2695904733,0.0,-4.15818032609,-0.0168681877006,-5.55354678515,0.0818738137484,-28.8153143152,0.0,899.329303376,0.0383746428758,900.30153967,900.228242656,75,48.0
0.9600000000000005,-1.51151808779,-0.00575485309512,0.0,0.0181697484851,6.07634473051,0.0,-3.36566813186,-0.00753363806525,-4.9255133574,0.0577806612906,-28.8413159246,0.0,900.196391011,0.779792259565,899.406467246,899.641689985,76,48.0
1.0200000000000005,-0.500168377816,-0.0139688200915,0.0,6.25288827824,4.04548579575,0.0,-0.248662657733,-0.0506754491966,-4.02236269507,-0.0252319980298,-28.8390325011,0.0,900.038129101,-0.378737668402,899.470413635,899.246184989,77,51.0
0.7200000000000003,1.34104073155,-0.00817242006105,0.0,0.00799824565473,5.47910701203,0.0,1.47275826224,-0.00673461097724,-2.94788403246,0.0175536396499,-28.0670403259,0.0,896.969584678,260.754375635,896.541000168,894.904275853,78,36.0
0.36000000000000004,0.684462374935,0.0022845228636,0.0,6.27054032805,1.66469877923,0.0,3.85407052298,0.034285836345,-7.22398830825,-0.0329572164267,-28.4022905214,0.0,899.73755868,0.779390002332,900.074684472,900.141409788,79,18.0
0.36000000000000004,-0.255431029862,0.00425392397518,0.0,6.26552246506,0.908618044515,0.0,-1.93703015105,0.0456853484086,-7.52847923604,-0.0801237869771,-28.3491792317,0.0,899.455694786,9.10922318983,900.161624244,899.727824576,80,18.0
0.36000000000000004,0.106993304289,0.00103480459326,0.0,6.28046649276,0.630370206505,0.0,-1.54620408537,0.0101463208385,-6.5898575147,-0.00600838998645,-28.1691196337,0.0,900.693848237,119.253266509,900.007247352,899.821399846,81,18.0
0.36000000000000004,-0.676519272268,0.000939310675404,0.0,6.26115348148,0.464197046441,0.0,-5.55465636844,0.00272662296103,-4.22355706911,-0.0862244467531,-27.0539726895,0.0,899.974697523,248.479309774,900.190837833,900.155154087,82,18.0
0.36000000000000004,-0.61007970601,-0.00113114282761,0.0,6.27138288497,5.99862936386,0.0,-0.975249131741,-0.0267968652603,-1.05358701733,-0.0649865100914,-24.0728137638,0.0,899.877918147,374.627978894,900.333794628,899.840791523,83,18.0
0.4200000000000001,-2.29010088348,0.0026473051573,0.0,6.2779332076,3.95408371335,0.0,-7.04198748535,0.0195382241447,-7.25734224109,-0.00119527242749,-25.7944398312,0.0,899.707136761,45.51441223,899.792880678,899.796842479,84,21.0
2.700000000000002,150.0,9.52280775065,22.5463505294,5.80521791811,2.64840386845,0.0,1377.52754467,194.269720913,-391.829987362,-0.342904369822,-0.995655332213,0.0,900.15560753,900.043020718,900.17989281,900.212059089,85,135.0
5.0399999999999805,36.1342478098,-8.58132078779,129.35686765,0.428255111445,5.10194574431,0.0,19.9950884301,-2.07343185079,29.2070656883,0.283945614704,-0.246669971077,0.0,900.688284736,900.06639903,900.844815754,900.398674623,86,252.0
5.0399999999999805,-6.71599121333,-38.6521620893,120.807635648,4.83042204778,6.12839224181,0.0,-3.29586057305,-26.9470540517,16.7007187258,-0.610743536318,-0.0813105083569,0.0,899.271272461,900.377152019,899.893620334,899.603757912,87,252.0
5.0399999999999805,54.2208648562,5.57781824084,115.553973324,6.26904357733,5.62197881074,0.0,22.6068053834,1.58686695524,19.011337281,-0.0530164893174,0.0474876414925,0.0,900.277833859,900.131772132,900.080206128,899.725899448,88,252.0
5.0399999999999805,-5.03108778602,26.8707272212,134.196081138,1.23940811601,5.98574042528,0.0,-1.09801448286,16.9506152909,35.249727651,0.430507597741,-0.329424192572,0.0,900.160792198,899.628491962,900.050981863,900.236684638,89,252.0
5.0399999999999805,-15.2802698633,-7.98154969836,127.833022001,5.35236461311,0.436020516992,0.0,-10.7130187422,-13.3138747068,24.9505121943,-0.454922792604,-0.0291137228793,0.0,899.765612261,899.279225493,900.260755782,899.815149908,90,252.0
5.0399999999999805,30.3696005095,22.3054285641,152.42744744,1.39437944513,5.48406968479,0.0,19.9108525657,7.18333054378,68.3087167574,0.287466025066,-0.0458570686841,0.0,899.551827845,900.113337442,899.898592391,900.430629653,91,252.0
5.0399999999999805,-34.3622294149,3.04501414834,123.596477055,0.415847223763,1.02427211105,0.0,-19.6792477885,3.03950801467,22.5383934961,0.100710720474,0.611251016491,0.0,899.565586789,900.555979094,900.341187465,899.940859593,92,252.0
5.0399999999999805,8.89095174465,-31.8618953888,124.918989456,5.27033163182,5.42296494872,0.0,7.95475664725,-24.3656753305,22.4738583528,-0.111105898638,-0.504412910521,0.0,900.022840121,899.416008799,899.664237143,899.855883508,93,252.0
5.0399999999999805,4.39848168914,-28.3992664943,132.766548442,5.93430511163,5.13629336848,0.0,6.49869751582,-17.5349533553,38.853695973,-0.0723758385177,-0.700302029955,0.0,900.309291333,899.781088785,900.197388358,900.258905381,94,252.0
5.0399999999999805,11.9985690838,-53.1611570914,113.325661666,4.80184936212,5.98311810028,0.0,7.26990892189,-28.0520501501,11.6265016999,-0.376592412801,0.177740907728,0.0,899.834690371,899.910256413,899.318695454,899.690161726,95,252.0
5.0399999999999805,-21.4143618328,20.9488412209,176.868960343,1.67919573897,1.17331714409,0.0,-25.712436385,16.5691556255,143.609274751,0.419988605987,0.403219515974,0.0,900.409623877,899.854150037,900.091365945,899.485042029,96,252.0
5.0399999999999805,-21.6074114967,-26.4539911236,123.196194664,5.76565677247,1.09870187065,0.0,-20.0347581951,-11.639503862,20.1573477931,-0.285437993928,0.367744671866,0.0,899.998273824,900.952045806,899.775984102,899.307408093,97,252.0
4.020000000000002,26.1074766798,150.0,300.0,2.28716454741,5.33132007073,0.0,6.96372757153,19732.3074317,23516.7060077,0.602103380481,-0.427452418912,0.0,900.3064274,900.062229038,899.823959004,900.042966687,98,201.0
5.0399999999999805,21.9041082373,17.8313352156,126.822304537,0.747869382224,5.77989023061,0.0,12.4893969291,10.2040449954,25.4921716387,0.315046240134,-0.0127789314554,0.0,900.135919976,899.890615472,900.077014693,900.636247994,99,252.0
5.0399999999999805,-59.9435285776,3.16036377072,115.861359462,0.520133687734,0.933064996893,0.0,-26.701307961,0.873135957153,15.9568881074,-0.0256282899126,-0.0155260337904,0.0,900.293604659,900.786215157,899.100155103,899.506841789,100,252.0
5.0399999999999805,22.1460243802,19.4044815553,137.843235352,0.977060601111,5.82614380756,0.0,12.7863725812,7.52782119957,36.071655742,0.0781124881121,0.0666101041192,0.0,899.43069311,900.168952035,900.127569731,900.539575461,101,252.0
5.0399999999999805,17.8213228502,8.05416720736,137.941668803,1.13460565354,5.19843958464,0.0,16.755254301,6.37510224614,41.5885439669,0.395013934849,-0.557481208187,0.0,900.04196223,899.581042015,900.609801423,900.162795953,102,252.0
5.0399999999999805,-12.8051692491,-8.84838238651,129.069275585,0.115094890278,5.93734964521,0.0,-4.83199428602,-4.36261779729,30.6075613091,0.333237581615,-0.268002372493,0.0,899.775600935,900.342071125,900.061443724,899.697639418,103,252.0
5.0399999999999805,14.722646015,-24.09427117,133.334371893,0.0726277181016,5.55779829808,0.0,9.0132187547,-10.6956662384,31.1650314835,0.182692744041,0.0509322917652,0.0,899.967828352,900.128984295,899.915423003,900.314133851,104,252.0
5.0399999999999805,17.138282192,35.7313985455,175.67178403,1.91182993441,5.77922027522,0.0,16.689126605,51.8943189382,144.462791909,0.74057935752,-0.290821321661,0.0,900.459878432,899.459769688,900.165273133,900.038923457,105,252.0
5.0399999999999805,10.0078307963,-40.2864080531,119.264621381,4.815634671,5.40463711836,0.0,8.27951888581,-31.9114658622,14.3336729725,-0.243935686694,-0.395861735358,0.0,899.634985486,900.187250331,899.57092952,900.24486356,106,252.0
5.0399999999999805,13.1283071906,-0.179211692236,130.654160173,0.255225087212,6.21735826419,0.0,7.58505632804,1.22424275329,27.9203665313,0.273082255767,0.333325090155,0.0,899.982736848,900.076607699,899.287700764,900.196093023,107,252.0
5.0399999999999805,5.34819958956,11.9623809112,128.401240594,0.135241338634,5.96927469865,0.0,4.68262533225,5.02030964275,27.7212475018,0.198701084869,-0.156395097004,0.0,899.621051283,899.341802713,899.98242313,900.625226556,108,252.0
5.0399999999999805,-21.5647889522,98.8435862364,300.0,2.04803978949,0.131841269577,0.0,-13.3556177267,1132.19160234,2434.81545954,0.634101578974,-0.0431111070794,0.0,900.129953544,899.996556785,900.136897372,900.022544667,109,252.0
5.0399999999999805,23.1963216397,37.6802332592,149.914541224,0.92436459713,4.5386144772,0.0,31.1883070003,46.9428478528,64.1358624095,0.0274528580272,-0.6325653098,0.0,899.523749933,899.316442281,900.119406635,899.28727464,110,252.0
5.0399999999999805,-24.6209309285,-29.8051262559,121.284468472,5.60735798634,0.63287195005,0.0,-14.2049480583,-16.0218689935,20.148020913,-0.0653932405275,0.138407098911,0.0,900.032952497,900.616152943,900.051829285,899.52510258,111,252.0
5.0399999999999805,-36.2572969834,43.6419487504,210.048740159,2.18250215366,0.902763696858,0.0,-45.0955310504,160.80946788,333.050670414,0.86692798159,0.251600590307,0.0,899.990210146,900.100959283,900.024177588,899.722105322,112,252.0
5.0399999999999805,-7.00553793255,4.16477186044,128.942801145,0.19727740514,0.659126859923,0.0,-7.56014115149,3.36273355083,28.15333648,0.15949135606,0.510756999983,0.0,900.002499589,899.721919793,899.62015372,900.019140297,113,252.0
5.0399999999999805,18.9972936876,-43.6141415836,123.218632556,4.90653877072,5.00876268211,0.0,15.3673592846,-31.7350671541,21.8789296186,-0.721929877605,-0.531260872078,0.0,900.370773597,900.105036521,900.580671363,899.561908519,114,252.0
4.859999999999984,-39.2888714653,150.0,300.0,2.12162819257,1.60977744396,0.0,-31.0631339054,29450.1404132,49697.3915511,0.508926015935,0.652770229331,0.0,899.986322935,900.475779501,900.012845746,899.496814948,115,243.0
5.0399999999999805,4.97382897132,1.33210166316,128.958681827,6.10596072065,6.19702752743,0.0,2.71569867731,-1.83253385702,28.1527671721,-0.154352954306,-0.16443181139,0.0,899.88190323,899.897260237,900.476607682,900.071797555,116,252.0
5.0399999999999805,-59.3738955549,-17.1833535928,107.464709242,5.79329515008,1.438313254,0.0,-28.9533803971,-6.51527209266,8.91492592797,0.00521755607942,0.307118569249,0.0,899.699027834,899.585921041,899.776104337,899.54798949,117,252.0
5.0399999999999805,-18.2050050795,-52.1570960387,112.001959949,4.77595269729,0.872740732584,0.0,-15.3417232731,-26.7468590892,10.3637964073,-0.417673889716,0.238941852497,0.0,899.914947224,900.056121813,900.17631701,899.964174062,118,252.0
5.0399999999999805,-12.1901146085,-3.0776612227,128.581618518,0.018523337886,0.685947110712,0.0,-10.3230678766,-0.357715311011,27.4233889686,-0.104697740381,0.304066581841,0.0,899.836443136,899.707576927,900.717876273,899.985015303,119,252.0
5.0399999999999805,18.2989944343,13.4442224003,128.718064607,0.677469087799,6.02206316337,0.0,10.0514760748,8.6789305297,27.2937982458,0.142990518415,0.106731300145,0.0,900.257841992,899.607509643,899.622706897,900.148704451,120,252.0
5.0399999999999805,11.1686828059,-5.20073609847,146.573335589,6.17942883591,5.03792749079,0.0,7.929548585,-3.92423056498,56.2119160489,-0.0601974565518,-0.249560479485,0.0,899.651108853,900.596881087,900.066201111,900.277165004,121,252.0
5.0399999999999805,22.4033748986,22.3520630844,140.1163699,6.19699806468,5.30755610778,0.0,9.39654784439,6.50465155328,38.9103150488,-0.209009521528,0.0151985486604,0.0,900.023815656,900.388950609,900.663144077,899.995873132,122,252.0
4.859999999999984,-36.0472053523,150.0,300.0,2.72077340326,0.346856962935,0.0,196.039740512,28236.0798496,14905.7529738,1.18966324705,-0.212929818127,0.0,900.215732061,899.867395013,900.418875341,900.41011981,123,243.0
5.0399999999999805,-26.0707772341,9.27007029876,125.707364259,6.01943705029,0.325208930363,0.0,-12.4725300111,1.45239496915,26.4822896268,-0.186395741927,0.00766503036012,0.0,899.830506372,899.870899717,899.648071644,900.074292386,124,252.0
5.0399999999999805,-31.2411618462,-5.3120043107,136.563130375,0.940958309752,1.24586745407,0.0,-24.5605293902,-6.93375819984,36.6217552775,0.253598203874,0.414857742021,0.0,900.432330449,899.984279852,899.808449957,899.911241046,125,252.0
5.0399999999999805,37.1875440511,-33.9009945647,117.044612672,4.52257616379,5.29845137506,0.0,21.5619759765,-22.7613343683,10.1544926918,-0.607398678835,-0.203819431079,0.0,899.664179502,899.839634242,900.791432395,900.727046728,126,252.0
5.0399999999999805,-2.12004512626,26.6787743044,127.530975976,1.01971529511,6.21069442085,0.0,0.010044806326,15.4936688385,27.3005779166,0.528002030369,8.10182977944e-05,0.0,899.679645334,900.315658406,899.173913137,900.164438861,127,252.0
5.0399999999999805,5.88815573031,-20.2326424209,127.353432859,0.173276189182,6.08693449633,0.0,3.42067619844,-9.32307991437,28.6839405792,0.418895428692,-0.189394273011,0.0,900.436763714,900.263353017,899.642346087,900.501572143,128,252.0
5.0399999999999805,13.1987286766,9.14309061276,130.514503617,6.17529462533,5.64445285216,0.0,9.44994153862,3.442204553,28.5890710789,-0.147473007079,-0.0883518246092,0.0,900.111626638,899.726773605,899.677423066,900.324486726,129,252.0
5.0399999999999805,-62.288285404,-4.72536533164,106.16205271,5.48880459005,1.58095399839,0.0,-30.8700750687,-2.31377264711,6.65545765883,-0.283200499125,0.131413355209,0.0,899.727812901,899.411106618,899.845328927,899.881642957,130,252.0
5.0399999999999805,-4.49634267776,21.9684660866,126.931514537,0.170608833967,6.15644087441,0.0,-1.40541577593,9.97822669911,27.0345046918,-0.227050120989,-0.129612126736,0.0,900.286350053,900.039309534,900.237426968,899.65623439,131,252.0
5.0399999999999805,-25.1064091077,-41.6888631929,115.573957764,4.73714653284,0.810405037041,0.0,-16.8151642686,-24.5228652815,11.7048484989,-0.415292340133,0.297184520984,0.0,899.632737456,900.271271629,899.623843327,899.777154882,132,252.0
5.0399999999999805,4.12518660089,42.7182798277,235.50366285,1.66003121625,5.89662900151,0.0,8.12455208661,54.5514254245,525.582496806,0.307058928239,-0.246153449367,0.0,899.777596068,900.132189077,899.867191574,899.934498545,133,252.0
5.0399999999999805,22.4539443685,-8.73504996042,162.206252308,6.14751596605,4.73737434313,0.0,17.1135185603,-13.334758263,91.7813221347,0.0127063380374,-0.501419837881,0.0,899.457256724,899.58786337,899.840710918,899.681255082,134,252.0
5.0399999999999805,35.8446101449,13.6212563183,208.871584005,1.31043737569,4.95949187234,0.0,23.2301808676,-45.8160491803,274.341469346,-0.0377522547675,-0.37736605989,0.0,899.750951372,899.669073968,899.865029079,899.927594304,135,252.0
5.0399999999999805,11.4417312694,-67.8708803479,103.349580683,4.71477002118,5.38982716428,0.0,5.60785405581,-36.3451553445,7.07752736878,-0.428127606427,-0.563304990046,0.0,900.237985411,900.29824496,900.371454383,900.249532606,136,252.0
5.0399999999999805,10.0058057632,-31.6515413411,123.560558314,5.20026365272,0.364575355061,0.0,0.711082837783,-21.8458281805,21.7615418622,-0.471883493611,0.373458207689,0.0,900.658094534,900.321624792,900.409859046,899.883427682,137,252.0
5.0399999999999805,-26.8191233334,-48.8604932337,110.419173193,4.62146579048,1.1767155155,0.0,-20.6767860849,-25.3539413192,7.3896071584,-0.261493787379,0.629256422477,0.0,899.901397631,900.353326199,899.764686781,899.99865928,138,252.0
5.0399999999999805,19.7710912302,-27.9329826651,125.257320991,5.59263332593,5.60004077852,0.0,11.429220054,-16.9001639579,22.7184578029,-0.115284936427,0.00338722495597,0.0,899.718644254,900.278794549,900.494706171,899.86926683,139,252.0
5.0399999999999805,72.4393243169,-31.1423638981,247.503869503,6.07942309854,4.07792605938,0.0,487.494060448,-153.909311633,793.468152793,-0.083890807579,-0.850902294835,0.0,899.972057251,900.035580752,899.942946208,900.113848519,140,252.0
5.0399999999999805,1.37753804839,6.97080522275,140.204671412,1.22998108124,0.270036214289,0.0,-2.70421163496,8.40631751546,48.0938590362,0.502318682621,0.248873148522,0.0,899.364347901,900.075578867,899.680108283,900.226446972,141,252.0
5.0399999999999805,-4.25148436444,-18.2409282705,127.913768823,5.46649245371,0.702916321777,0.0,-11.0100813445,-13.1434619323,25.2645281584,-0.483718484047,0.24439930357,0.0,900.374783311,900.113542204,900.581237116,899.959886457,142,252.0
5.0399999999999805,47.1777181957,-44.2261402236,189.732423678,5.77630803023,4.49102705414,0.0,66.3346482122,-115.581362935,218.429220502,0.00850511843013,-0.431524764554,0.0,899.848469889,899.793755558,899.722922333,900.262816829,143,252.0
5.0399999999999805,-9.32669088015,-12.7404252065,135.219614807,5.55547204811,5.12311933883,0.0,2.10059014191,-21.561507458,41.5451887059,-0.409669104602,-0.763195429615,0.0,899.920478947,900.125057567,900.149809704,899.552196106,144,252.0
5.0399999999999805,-16.2199083673,-2.71602007246,127.920761563,0.154899292634,0.794690670388,0.0,-14.8788190243,-1.02041235648,25.7324800377,0.00180410840198,0.137651600843,0.0,900.60778677,900.033061962,900.196152888,900.034534959,145,252.0
1.0800000000000005,5.93626040216,0.10178755823,0.0,6.17036669757,3.05614874869,0.0,14.9536526934,0.408859452705,-11.5720412104,-0.220308725772,-25.0991017571,0.0,899.86955806,2.59392266465,899.934105479,899.94584176,146,54.0
1.4400000000000008,5.6475416331,0.103243053065,0.0,6.10998916457,2.2395778327,0.0,13.9831439386,1.82184012967,-18.149073908,-0.186940705188,-4.30805722427,0.0,899.871630891,894.594042952,899.628439085,899.507211907,147,72.0
1.560000000000001,10.3967631912,1.37234279802,0.0,6.00347784806,1.03420784528,0.0,-5.41603921143,2.53108325965,-21.0370404338,-0.311030967458,-2.44817583104,0.0,899.980376521,899.87450505,899.854750037,899.975218809,148,78.0
5.0399999999999805,-66.8336179538,2.53565031612,98.9693112512,0.41171197617,2.20264801026,0.0,-34.2444688693,-2.47374227235,-2.9484647549,0.0913053009373,0.506688205006,0.0,900.170035268,900.120161059,900.184224996,899.743338316,149,252.0
1.560000000000001,10.6665939229,0.413597162179,0.0,6.17948463987,1.12036581938,0.0,-4.75497024541,0.862240504141,-22.3984446062,-0.189791920702,-2.33762639436,0.0,899.719942177,900.245255238,900.414427575,899.695641125,150,78.0
5.0399999999999805,29.9066368529,-7.74162445382,125.970123851,5.63704171887,6.10511212778,0.0,13.4109661165,-10.2183522958,24.8709454718,-0.110307974041,0.104915439157,0.0,900.32246382,899.052720769,900.068410801,900.733306852,151,252.0
5.0399999999999805,-27.5251589949,-33.9657549888,118.386060947,5.01600510319,0.179327266581,0.0,-14.4305070252,-23.0792179955,15.730950395,-0.430971268183,-0.0866709269035,0.0,899.801534633,900.159058188,900.159032366,899.498145887,152,252.0
1.560000000000001,10.704271863,0.163009233046,0.0,6.24335047043,1.05440311046,0.0,-4.61634467845,0.379150997792,-21.6616348911,0.000676647348426,-2.55424367043,0.0,900.160638765,899.538846409,899.901793124,900.344964701,153,78.0
5.0399999999999805,9.10403427106,8.36129653535,128.161449597,0.000321127960226,5.98209848826,0.0,4.44827425737,3.18087992369,27.9484071701,-0.023613859397,-0.223801365609,0.0,899.737585197,900.252924139,900.090469929,899.99013029,154,252.0
5.0399999999999805,-31.0118721676,-21.1527171697,121.434770884,5.01495470321,1.21288011373,0.0,-22.8805807826,-14.921377598,16.492769213,-0.526450611953,0.528287354413,0.0,899.649240377,899.959769193,899.812141494,900.230459204,155,252.0
5.0399999999999805,36.771292375,-27.7354705881,122.757155446,5.13382567642,5.48806909608,0.0,18.6303902985,-18.690948613,17.3678642284,-0.157842033286,0.23868158074,0.0,899.470174775,900.29005511,899.419374306,899.72876845,156,252.0
5.0399999999999805,13.4308624642,15.0649264857,145.047346074,1.24758390712,5.47038577606,0.0,12.824775768,8.63185303746,54.123067826,0.169510397317,-0.410966682125,0.0,900.412800097,899.850975264,900.366385958,899.724924792,157,252.0
1.5000000000000009,10.5589108109,0.663288470224,0.0,6.23244551314,1.01571710713,0.0,-3.72827680943,1.29005646501,-19.9490950278,0.065188367963,-2.72912340841,0.0,900.466945318,899.437590114,900.224007812,900.24741714,158,75.0
1.8600000000000012,7.87311233929,3.71925670468,0.0,5.52583752511,0.732928862387,0.0,-9.03757961437,4.95838932704,-17.1852226277,-0.636199915113,-2.5854920362,0.0,900.016093102,899.664008581,899.913477965,899.396681793,159,93.0
1.9200000000000013,12.3089382808,0.0868396655207,0.0,6.27067833062,1.07845820246,0.0,-2.37478823593,0.561077894044,-22.6996514302,0.137931447371,-2.55681196555,0.0,899.938843901,899.870848392,899.764522476,900.450615917,160,96.0
5.0399999999999805,-8.09205392949,-43.4861417319,118.437048037,5.18185757745,0.141661678228,0.0,-4.02390531368,-24.040859702,17.1411609029,-0.261012770967,0.227673431366,0.0,900.019973241,900.155425239,899.759009847,900.045216514,161,252.0
5.0399999999999805,-28.0216364979,12.2796309023,126.303637724,0.393074298694,0.704551816822,0.0,-16.6424371797,7.1500939332,23.0078683141,-0.0643096369964,0.0383043755632,0.0,900.349361574,900.058893362,900.130395234,899.807903407,162,252.0
1.560000000000001,10.3878697031,0.495305117311,0.0,6.12781024468,1.01941738625,0.0,-5.06768640651,0.97654529682,-20.7025269466,-0.250506314409,-2.54375762342,0.0,900.034498936,899.708393425,900.262745088,899.683163391,163,78.0
5.0399999999999805,21.1309191947,3.28524717753,127.36554184,0.06020647238,5.53704061655,0.0,12.3977774262,2.03345674009,26.6374749434,-0.156310584445,-0.306862911534,0.0,899.200453391,899.490195742,900.25243777,899.481432538,164,252.0
5.0399999999999805,12.6099494618,-35.3006901773,122.251139791,5.55881053178,5.79339371687,0.0,7.49775682951,-19.7156869626,21.2067170352,-0.0487136684696,-0.0928090538566,0.0,900.179153752,899.677394119,899.952547586,900.016465484,165,252.0
4.859999999999984,150.0,150.0,231.732961155,1.33575929596,3.97746563848,0.0,1728.71954759,1878.09204028,686.495756907,0.194934424581,-0.417800910037,0.0,900.016375273,900.051059747,899.773509774,900.384436932,166,243.0
4.559999999999991,150.0,-150.0,300.0,5.55828045439,4.01936912208,0.0,24562.2484418,-20421.9224147,23294.4525125,-0.15330011739,-0.67377265599,0.0,900.009902393,900.172122867,899.278303696,899.784512142,167,228.0
5.0399999999999805,1.75018566399,24.8186121985,150.367719529,1.14631149175,5.53755850342,0.0,4.5709456802,10.8549441445,54.50249626,0.270393883876,-0.216262212991,0.0,900.152026491,899.482543102,899.494379261,900.242164406,168,252.0
5.0399999999999805,32.3330401555,-108.638753705,153.365684193,5.00570448364,4.60283066576,0.0,40.9325972072,-239.247231305,101.655363507,-0.372213935912,-0.354072697816,0.0,900.082744249,900.170944894,900.161386846,899.598720312,169,252.0
1.560000000000001,10.5291233632,1.10334822684,0.0,6.09983336105,1.02970031526,0.0,-5.23154881793,2.03105655802,-21.3048983944,-0.215453831992,-2.45108738149,0.0,899.955292779,900.098263786,900.141018892,899.257146046,170,78.0
5.0399999999999805,15.6012289399,-31.0523877876,129.238900157,5.13415124503,5.20406581591,0.0,12.3936436735,-26.350654823,24.8927527669,-0.377604922886,-0.278885659215,0.0,899.695229965,900.700639566,900.811441665,900.441715984,171,252.0
5.0399999999999805,-4.15052564021,8.66500859092,128.613862109,0.323827507156,6.22472187329,0.0,-1.4220430443,6.12045051648,27.7846716262,0.0710588013185,-0.133543377378,0.0,900.111012242,899.61346235,899.683737119,899.812805475,172,252.0
5.0399999999999805,-23.4101026759,8.86456354717,125.434887983,0.180247721773,0.986833444905,0.0,-20.3312763396,3.63751715119,21.6300711222,0.25977189088,0.128646660864,0.0,900.537699611,900.026468994,899.512270067,901.052925325,173,252.0
5.0399999999999805,-56.8617645412,-12.9464439775,110.104211684,4.78210859489,1.55575176736,0.0,-29.5466067358,-9.10414032393,8.78368825471,-0.623849511784,0.531157534017,0.0,900.050528718,900.034756849,900.166018473,900.033510427,174,252.0
5.0399999999999805,-14.2077485445,-45.4640394788,115.883882704,4.94327051476,0.306266909366,0.0,-7.97279828195,-26.1448536883,13.7483186578,-0.310381305955,0.0261756284352,0.0,899.823739165,899.704158458,899.846942951,900.107587414,175,252.0
5.0399999999999805,9.64548815463,-4.64491320123,129.450709574,6.02251808488,5.62429211404,0.0,7.27980763801,-4.50838588015,29.0387869495,-0.116658631509,-0.365545808633,0.0,899.896836551,899.444837963,900.008047413,900.040671566,176,252.0
5.0399999999999805,-4.32028644976,22.5334515903,127.654826824,0.26477299364,1.17750227482,0.0,-16.1857254128,10.4482419587,24.6550684694,-0.0927844048338,0.773815170905,0.0,899.659144604,899.648196892,899.851078108,900.430450134,177,252.0
5.0399999999999805,26.8702008704,16.4214767523,165.784248524,0.0781545388216,4.84343881549,0.0,10.9797614688,15.3977873581,101.399688011,-0.193279180721,-0.271760859451,0.0,900.240318811,900.218690193,900.374243138,900.162031417,178,252.0
1.3200000000000007,10.8770015174,0.318280850925,0.0,6.18681854812,1.21160533592,0.0,0.413828961646,0.824999360843,-19.8283904562,-0.219177411349,-2.91470735648,0.0,900.679455135,899.919790167,900.568389799,899.386324456,179,66.0
5.0399999999999805,-13.0422283083,5.22379811862,130.661745255,0.802195044847,0.581450471492,0.0,-12.3314319607,4.75026439984,30.3999337841,0.372853483544,0.281446694451,0.0,899.244378083,900.309494984,899.837749312,899.925301208,180,252.0
5.0399999999999805,-45.4432943626,20.2243119543,157.333691633,1.43993212747,1.52177287557,0.0,-29.1109873931,-3.15502659448,79.3768211334,0.290261294684,0.451728902494,0.0,900.250018919,900.719637551,899.941861611,899.841083528,181,252.0
4.919999999999983,20.9613448851,150.0,300.0,2.2028518734,6.03244297492,0.0,-3.89419938904,6684.06455354,9794.54728722,0.727290463487,-0.138656242446,0.0,900.778639867,900.360418183,899.709024158,900.213631174,182,246.0
5.0399999999999805,20.7792119871,-55.6983788798,107.880644258,4.34573416912,5.61772953046,0.0,11.9578378456,-30.7816295545,4.7494642632,-0.718006157747,-0.372886057271,0.0,900.374254683,899.675170616,900.433182997,900.0458092,183,252.0
5.0399999999999805,15.4146307154,-33.725095034,125.362852498,0.0162213083884,0.473200841075,0.0,-0.292763502996,-15.8098222826,29.0468864054,0.184177894391,0.419810307703,0.0,900.190436724,899.756954967,899.595085109,899.595260672,184,252.0
5.0399999999999805,16.295173751,-1.82039262091,131.560269751,0.39988696681,5.30910244054,0.0,12.2800465959,1.60751674785,31.6655086903,0.170384043432,-0.424399952496,0.0,900.303469179,900.349665245,899.812315672,900.522897757,185,252.0
5.0399999999999805,-0.605833794537,-67.925656869,88.1112028991,3.66568497694,0.421582528609,0.0,-3.98467602244,-33.7108758035,-15.1146438584,-0.576725875433,0.264851802805,0.0,900.671061204,899.52138577,900.65053453,900.497876146,186,252.0
5.0399999999999805,25.5586456208,15.9761159478,223.184975412,1.61916536267,6.10086174195,0.0,15.8672369281,16.2013056787,391.113449587,0.516561382822,0.216225646528,0.0,899.764039996,900.021016002,899.558369698,900.410188105,187,252.0
1.560000000000001,11.5628516179,1.33408011861,0.0,6.04138680443,1.21767206834,0.0,-2.876377053,2.9674462562,-23.7771848986,-0.271663875921,-2.30816341478,0.0,899.619689238,899.787515225,899.807734484,899.558603969,188,78.0
5.0399999999999805,-21.6922080325,2.93061158595,127.52461076,5.42790458904,0.460554467912,0.0,-14.9240924229,-7.16312634884,25.6864079717,-0.66873269597,-0.0690452157872,0.0,900.419436157,899.652385406,900.530378021,900.078506092,189,252.0
5.0399999999999805,7.79324222921,-0.450088981023,139.447776056,0.302782473013,5.42699348602,0.0,4.7396296952,2.08537935842,39.5297132395,0.264155142195,-0.0489436119377,0.0,900.613695668,899.624630083,899.614890167,900.720749693,190,252.0
5.0399999999999805,-24.3693733497,10.9545755004,127.285511898,0.793815270661,0.258614928328,0.0,-13.1779584081,8.17267868763,26.9164360798,0.418901109566,-0.173642782126,0.0,900.040881617,900.350728719,900.35964418,899.931831607,191,252.0
5.0399999999999805,-51.351396595,5.40775040899,116.967854585,0.63206611357,0.460389699284,0.0,-25.2728616686,4.03672498695,20.3743480707,0.243729727019,0.0184302864632,0.0,899.732711952,900.74057078,900.335550849,900.234715772,192,252.0
5.0399999999999805,-37.5682926545,-7.40373886543,123.99897446,0.287542761907,0.00425316911213,0.0,-19.0187603318,-0.585764272835,27.4538073092,0.145867323396,-0.279917557512,0.0,899.966505709,900.764129842,899.836042588,899.769488628,193,252.0
5.0399999999999805,-50.5792456745,-15.8719652996,113.473938072,6.24109677347,1.45814246787,0.0,-28.0467871618,-6.57422907221,12.2864634637,0.0282545048262,0.588615688344,0.0,899.422338395,900.878809792,900.498342624,899.291514954,194,252.0
5.0399999999999805,0.263641497932,-11.1857873259,129.008022694,5.59414214432,0.786889837734,0.0,-8.47072381261,-10.9467592603,27.4000587349,-0.418187492199,0.615981444606,0.0,899.690670843,900.232261235,899.989872866,900.187055727,195,252.0
4.919999999999983,-90.8545064897,-150.0,300.0,5.77846131809,4.8420905055,0.0,-8956.63567312,-33678.4111458,61040.4819924,-0.013237921761,0.0485096799221,0.0,900.051892455,899.227840071,899.853285358,900.103498959,196,246.0
5.0399999999999805,44.2070997027,-48.1757031191,149.670536687,4.97491766742,4.42195616188,0.0,50.1718313105,-90.2247142507,48.9994258908,-0.430567403353,-0.43868089513,0.0,899.123798473,899.408982682,899.995190878,900.04202861,197,252.0
5.0399999999999805,25.5687028087,50.9696291925,173.527970178,0.742048500946,4.89984995454,0.0,-0.198202642664,83.1987417228,124.059980893,0.282750452173,-0.0256489777507,0.0,900.027158277,900.681615273,899.74778528,899.660534943,198,252.0
5.0399999999999805,25.5517165812,13.8721462167,134.255681406,0.789377813735,5.19068685256,0.0,15.9845950648,9.38700854981,32.1281467734,0.191906264414,-0.356509419225,0.0,899.63934251,899.799073117,899.905550407,899.491851795,199,252.0
5.0399999999999805,19.1047957348,1.08659238201,130.47173214,6.24920666714,5.41425044594,0.0,11.9439097866,-0.218044704331,29.322158102,-0.124457034457,-0.21189042116,0.0,899.554568634,899.774001369,900.593057535,900.053253909,200,252.0
